0	0.866444103422388	0.000763643455769136	0.997747129002614	0.000843644544431946	0.00684931506849315	0.00649506135646552	0.00106316339013837	0.00359712149620189	0.601642256433577	0.144019547115872	0.000109458834128530	0.124621314671029	0.00416048113410552	0.999880568346553	0.786394070143719	0	0.000286116354203836	0	0.000214606218573319	0.995593923998257	0.225783388101709
0.733957219363991	0.345315167510806	0.0668916840285167	0.979274508191826	0.0100299962504687	0.0522260273972603	0.0741934765978643	0.0127943308972802	0.00406204839702519	0.582747445750659	0.154085113492421	0.00415834603659889	1	0.0122743906250784	0.999838811331992	0.787124625046653	0.896056645138314	0.0221730244972838	6.66863854938286e-08	0.0128440670048459	0.949169761684395	0.296545058185726
0.405140899716545	0.605938212242336	0.0112982583961303	0.992786933551955	0.00309336332958380	0.0222602739726027	0.0257731056312505	0.00938862892248974	0.00817443585267944	0.641426845938225	0.392775402757000	0.00104809781210521	0.0339092129216152	0.000244172358176137	0.999967009390298	0.783765290166796	0.619924752771177	0.0102648685570103	8.69482024433009e-09	0.00928400428748005	0.988894919669131	0.931892798151127
0.402165667817032	0.649335191055519	0.00988546186840762	0.994188052405834	0.00206224221972253	0.0111301369863014	0.0136877904262035	0.00256282299259936	0.00407552436399484	0.549626992854491	0.177544550546961	0.000686806012505908	0.179491247592944	0.00494567125490439	0.999969327661985	0.789196590943672	0.395997919330932	0.00468601475457569	5.61526501710569e-10	0.00258713524090775	0.986966069953141	0.297737197060684
0.832047943200522	0.154019985662529	0.146057260171531	0.925317649121624	0.0217472815898013	0.117294520547945	0.154998826639803	0.0383114978516485	0.00975906341608594	0.559453531448369	0.210183976727168	0.0104851256011154	0.134475986918310	0.00984341871747253	0.999261494406227	0.784072118720635	0.994205937556277	0.0472989654387895	1.82283496874838e-06	0.0383916142552657	0.882245828494001	0.635630417494767
0.487054960131902	0.552200190291851	0.0368868677733795	0.983702501292841	0.00890513685789276	0.0505136986301370	0.0672185560798110	0.0146845449510344	0.00960935759045547	0.594321533544997	0.288254893210192	0.00307299199733957	0.0776233526312466	0.00142249460647904	0.999961222700843	0.785218072865743	0.730533178410389	0.0192022641481065	1.03371123976381e-07	0.0145802831479145	0.970380313549801	0.560305311667677
0.508457585559381	0.510009076280871	0.0165984460582487	0.992480469737413	0.00374953130858643	0.0248287671232877	0.0288505143610095	0.0105466730640274	0.00670330335749191	0.604189866112384	0.291725332253855	0.00140184149625151	0.0707862699952561	0.000249654835783814	0.999961955864041	0.783375208706013	0.637449706448195	0.0154050199405099	1.44542444083092e-08	0.0105179126941271	0.981162993607561	0.596038799465645
0.354157664096803	0.634407451489753	0.0119493880964374	0.994513254825806	0.00224971878515186	0.0162671232876712	0.0190142171945045	0.00608093455214831	0.00688475420216293	0.643076450868906	0.362887388237274	0.000690419481752108	0.0425555879821516	6.33806479243325e-05	0.999963696521650	0.783293731229888	0.478805115463474	0.00983495738599403	5.14412079753902e-09	0.00561297065583926	0.986347993682959	0.295176595596422
0.396079630451449	0.641521640836983	0.00980120826222285	0.993304690728804	0.00281214848143982	0.0188356164383562	0.0204002444675185	0.00719182016959654	0.00513306960098069	0.578610622657436	0.232935024374659	0.000902266851047779	0.0948416879724966	0.000195160520034674	0.999971659031120	0.783611838333634	0.356661330969839	0.0106915409241206	4.35620027388687e-09	0.00706841790993766	0.984011374195706	0.324430116292567
0.999006598709501	0.198187298598642	0.832408472906242	0.272452002794313	0.258342707161605	0.817636986301370	0.885204487337778	0.815766576337578	0.846389703099939	0.235113883854395	0.953648688395665	0.246182270782384	0.0123390757198036	0.000755410344538220	0.993951489765514	0.782591154090506	0.874717828733606	0.486298578933680	0.190856918103002	0.815601462006099	0.633456582812817	0.126190239306616
0.829993057657956	0.200743466771998	0.121494171176300	0.926335013693277	0.0201537307836520	0.106164383561644	0.133195669946884	0.0418713661643873	0.0197107388938666	0.517454406688684	0.329774208483546	0.0103556646535950	0.0952736368227243	0.00548173764758678	0.999058343957929	0.784174725852543	0.916599414389072	0.0464752791531808	1.52010129205971e-06	0.0414938436509157	0.882311949117345	0.655786329421217
0.793839473059965	0.221232791316428	0.205857706821609	0.850554231308152	0.0559617547806524	0.310787671232877	0.366117557090647	0.126625519223201	0.126598485180555	0.508000497903274	0.678347759075499	0.0354768763762335	0.0209478709613532	0.00373109000936843	0.999932834775892	0.784648847418281	0.775832074067896	0.0910727002015484	0.000363634743930498	0.126247041301017	0.885614538036265	0.193308331097589
0.577255708715403	0.451673547227999	0.0502590459593704	0.979475290460915	0.00993625796775403	0.0556506849315069	0.0724632488053571	0.0199629624810253	0.00359712149620189	0.574836043747745	0.144019547115872	0.00369656730829150	0.198491650443031	0.00140959593353737	0.999895432768398	0.783706939881932	0.847288675911759	0.0281893025212308	0	0.0197533700997417	0.954948628097335	0.485944533725901
0.122234678141956	0.891101250970488	0.00367044951151319	0.997450823882491	0.00149981252343457	0.0145547945205479	0.0157190059855492	0.00410700562049324	0.00736186419149574	0.724431966768377	0.457307701462658	0.000276979374690911	0.0176392451606000	8.84656550682039e-05	0.999884017116452	0.782203367623587	0.344135509580132	0.00372941793313333	2.09263978774852e-09	0.00363863339136710	0.996887535977612	0.716625377267526
0.921975769661473	0.136713888336490	0.313932439315800	0.771956216478487	0.0597112860892389	0.303938356164384	0.375520462231927	0.177816536390127	0.162076660685824	0.486232310422983	0.790296504478585	0.0393042031331461	0.0242749355695338	0.000889015427542474	0.998969813807084	0.783933963471963	0.930636833893333	0.142148668590181	0.000691340447835955	0.177670877136988	0.882749616688732	0.333842001118240
0.271091651009597	0.691311260238387	0.0130641419188967	0.994263396096500	0.00346831646044244	0.0256849315068493	0.0319714356560753	0.00840106356823092	0.00359712149620189	0.697119710854865	0.144019547115872	0.000912945312280358	0.0361647003588963	0.000406448837540857	0.999974449592678	0.784423831628266	0.552099537428553	0.00800681133101229	0	0.00799268339682496	0.989900534715408	0.662479934168049
0.828381646582451	0.236590440668035	0.243096780545664	0.815987680682530	0.0726471691038620	0.337328767123288	0.338029554830247	0.127319659178518	0.116870599896357	0.345527939054438	0.525357830066081	0.0474318254127095	0.0243070532087611	0.00847607275519609	0.999318802255958	0.783583916919357	0.721879305908985	0.131088600779277	0.000457626585165978	0.127007249913352	0.788085251323790	0.239715819584762
0.616815768231678	0.406139148304987	0.0523199608392971	0.968904434627482	0.0105924259467567	0.0522260273972603	0.0743974845105664	0.0154769667966175	0.00789618728976974	0.554014622629444	0.232764371554959	0.00425090174047902	0.163139470070475	0.00110041865075262	0.998817737535276	0.774457304417579	0.840946004115910	0.0171057915362646	5.50236492759242e-08	0.0152134984840807	0.964770167377837	0.611648304876471
0.593904458053733	0.353649932938906	0.0530664077072291	0.987452892611385	0.00946756655418073	0.0565068493150685	0.0769276495199699	0.0169907390772083	0.0110244042480633	0.637862773773996	0.313064710303879	0.00362843902610329	0.0445540513704102	0.00461812022645262	0.999884291664557	0.785753069429425	0.841267383455805	0.0175564145842640	1.34833313037793e-07	0.0165801792779710	0.966517884032377	0.477237425064959
0.206662844228375	0.679648243455181	0.00326974578876610	0.996055227362576	0.000843644544431946	0.00428082191780822	0.00638028376492715	0.00115420366781292	0.00320389289999566	0.597357762179231	0.102134043902423	0.000266878200609665	1.72015402013253e-05	0.00249746870588432	0.999943097905966	0.786693125460356	0.0274878116906630	0.000817274796430689	4.68767010180433e-11	0.000824839826593576	0.993042510027726	0.219581306654277
0.676621966233133	0.350813911469385	0.0470236604199824	0.981901331522593	0.00862392200974878	0.0547945205479452	0.0702313738393516	0.0181936519243065	0.0159699303501238	0.638717762779295	0.449092145690069	0.00362362795380808	0.0494711456782531	0.000591108337722513	0.999726532640019	0.782557066686552	0.809230224857938	0.0182457673606854	1.84482407209012e-07	0.0180790555826776	0.963927741538251	0.412313548526147
0.891292195581722	0.228820704897335	0.476590492627308	0.555320829565088	0.136201724784402	0.650684931506849	0.634563195534057	0.402132997352123	0.433613119910818	0.343630894561336	0.923529152166785	0.105099891216204	0.0128665165378466	0.000346849801091658	0.999677067543472	0.783557150057032	0.818939443798523	0.267006927270762	0.0200998368006654	0.401929606391931	0.937105247134527	0.147461421237705
0.739190693978823	0.260867494631295	0.0634566538691444	0.981230517583375	0.0109673790776153	0.0573630136986301	0.0805660091614823	0.0139868716932202	0.00456344016219397	0.578627824610150	0.163367159631159	0.00472410281764608	0.364988137351943	0.00211174014496629	0.999701860916056	0.784738965880356	0.965764337388454	0.0212301342990177	9.54873643855903e-08	0.0138149782710902	0.937469553570280	0.421769037668216
0.728302395355721	0.278959761311684	0.0830954966590283	0.969972913741856	0.0156542932133483	0.107020547945205	0.125588040820177	0.0313974772319485	0.0216726900159725	0.631889981699519	0.407046061208365	0.00687728174522474	0.0587612397937551	0.00294161034060022	0.999901555840034	0.785268598987758	0.863904619351137	0.0241540270338722	1.05984337331641e-06	0.0308963543016581	0.930635243072148	0.484373711678541
0.585560464399415	0.430345901924834	0.0258566975513909	0.984694078716641	0.00553055868016498	0.0291095890410959	0.0390858564274927	0.00777170420335252	0.00217016624719726	0.561578476827142	0.0933545825598298	0.00213555859874446	1.72015402013253e-05	0.00195055239326108	0.999908791972791	0.784209877867570	0.761942186870648	0.0146658404844067	1.77628116496495e-08	0.00769919084031097	0.965347888436736	0.276376638026610
0.802306138092955	0.209969868678753	0.151104192716190	0.897698280152181	0.0310273715785527	0.177226027397260	0.194732290403388	0.0582076777767069	0.0251934807569401	0.487657806314373	0.309752825736688	0.0167265295175274	0.0705219805453604	0.0207314732781235	0.999689829485918	0.788122232288496	0.886257208667535	0.0820413890270432	1.45835907710695e-05	0.0581956706305809	0.850330930531514	0.331128681624782
0.841319864980288	0.221149738032919	0.198380203146661	0.828489832537687	0.0561492313460817	0.260273972602740	0.332147782948711	0.115664389533805	0.0998474171463353	0.454584828642616	0.560779144339990	0.0326979618100207	0.0244166816042173	0.00283913043617951	0.999933872576621	0.784674945424853	0.910797067926117	0.101312691536059	0.000212233955188872	0.115509827199534	0.853557160649311	0.385905762678588
0.976299524916074	0.180663287224648	0.830211145415567	0.136454683730058	0.435039370078740	0.924657534246575	0.916131031055794	0.807343827292353	0.796134644997862	0.119131226900282	0.597201126638282	0.426070461531746	0.0126688438625460	0.00357061878460018	0.996144816744393	0.782878947441626	0.839108875248725	0.615440055641109	0.323558784618811	0.807315141691302	0.262744764273978	0.145646855984067
0.436151631263295	0.598191626702625	0.0171972409433196	0.990947356682186	0.00403074615673041	0.0265410958904110	0.0307169590907799	0.00824100390602667	0.00653198714533951	0.599596834035316	0.276482632529301	0.00128954499087722	0.0514979089619090	0.00181912697858462	0.999905471900645	0.783869707047325	0.608495462079836	0.0129300249057967	1.39099283893188e-08	0.00829148386042128	0.982267804175202	0.465017674345730
0.626153420065410	0.340483848313236	0.0774247343144957	0.962128526261252	0.0133108361454818	0.0813356164383562	0.104598861641043	0.0270798403785644	0.0181379735013182	0.618461309628990	0.389090263632250	0.00528627811058117	0.0548744171745764	0.000519248788841440	0.999264943321971	0.781572640580991	0.906051165004135	0.0425503680554734	1.15156901044338e-06	0.0271115689059904	0.943081415153546	0.329090936371897
0.901344918550343	0.116371462479533	0.258534124689632	0.809488723389292	0.0421822272215973	0.223458904109589	0.296245315449045	0.0960691418534243	0.0872567124937965	0.549375490088525	0.622086224913413	0.0252866308690096	0.0359521620203984	0.00893645522412870	0.999741383575229	0.785733424822008	0.956419726198297	0.0961321361957665	0.000119869396648220	0.0960762018959653	0.825754140134724	0.332133652433851
0.514209235249906	0.434234100287165	0.0464253644024541	0.987914961101304	0.00881139857517810	0.0522260273972603	0.0721209588751530	0.0149412785197032	0.0114543936080998	0.641922116831322	0.334231481360049	0.00315368421363007	0.0787031585500575	0.00713629779408385	0.999921244629660	0.786305396010512	0.791431105068325	0.0149207104247774	9.09954399229676e-08	0.0147471888306938	0.966583281124223	0.710762481562903
0.891962093134189	0.148002339103255	0.412994010177626	0.698850069095428	0.0729283839520060	0.375856164383562	0.386887057126055	0.185984329880226	0.163404243235198	0.401394227387365	0.679981894250656	0.0508430993973591	0.0301858962042769	0.00108944793587750	0.999838914725969	0.784375649419845	0.860788041022296	0.136887078162768	0.000945900236884541	0.185716249734596	0.927001306223834	0.311321651186813
0.891410791762689	0.145787113000412	0.217637044648258	0.860680254768273	0.0359017622797150	0.184931506849315	0.243121117959931	0.0977632212747281	0.0776416505536758	0.528581696672191	0.638192227929580	0.0213067067723793	0.0350575208723270	0.00135001451286881	0.999410010507732	0.784163527788583	0.930518841660623	0.0868341001892373	6.04455054706021e-05	0.0977888557119812	0.875309154068781	0.432030566834438
0.841486686386777	0.269769540931107	0.532886893505089	0.428361048092877	0.249156355455568	0.760273972602740	0.729021501853397	0.483791911600780	0.455078890113894	0.191669235156332	0.593631106151192	0.203659261595938	0.0131474523031238	0.000828819481036569	0.999896763784506	0.783509227564699	0.758306600948899	0.361744714068943	0.0477495916615969	0.483842823753044	0.720778556531920	0.245514700026302
0.455187614497877	0.521065097131611	0.0153858782935812	0.989845963882045	0.00403074615673041	0.0196917808219178	0.0279316895361155	0.00237312233948976	0.00136814898569353	0.555541582380451	0.0434164492771635	0.00137676617108375	1.72015402013253e-05	0.000553595992169966	0.999874505827153	0.781813915531534	0.556398587147588	0.00467083634359513	2.11040191415204e-09	0.00229769043965611	0.977665881725566	0.105615869043069
0.830882212429233	0.181474502871133	0.257218026232465	0.828563950938799	0.0436820397450319	0.228595890410959	0.284805769186683	0.0949274585269041	0.0857057955666472	0.506775066587152	0.597648383369592	0.0249174726703056	0.0372131364810814	0.000395606960769867	0.999750504709129	0.783798283890694	0.930053756723506	0.0764874670562938	0.000104928013727502	0.0947837760745407	0.874216183079565	0.328724708518010
0.658530307593239	0.331189536586855	0.151898979663171	0.889797227502645	0.0353393325834271	0.191780821917808	0.222532706863251	0.0670839714335560	0.0526155828583153	0.488781380614240	0.476163062520591	0.0181467629702107	0.0366454880495044	0.000533409107464172	0.999444527909864	0.783172911512309	0.730886639866169	0.0577745475034155	2.68309338497518e-05	0.0668432376264151	0.932430697064600	0.406635552921355
0.966651790406870	0.388002448839076	0.649844562066239	0.402027374946263	0.239220097487814	0.837328767123288	0.837918468042691	0.637815624722377	0.753083749905566	0.241908999862103	0.921210117747874	0.198316418758081	0.0106623708431842	0.000284848832527830	0.999999731313480	0.783515989496625	0.875623416559133	0.481695392093594	0.148817984539438	0.637525918685444	0.983406909921169	0.105291715208529
0.305303432140001	0.696835911353869	0.0105995789665180	0.994728845227556	0.00149981252343457	0.00684931506849315	0.00947927873646319	0.00274623879597545	0.00542536953156993	0.542462679545413	0.296159679668512	0.000437049283188149	0.0904213777843120	0.000456847140709459	0.999918076301088	0.782881239391776	0.660614926396957	0.00534364567270685	8.71825134491234e-10	0.00258719673643094	0.989067610483491	0.403174210515707
0.203636275954300	0.786550054060254	0.00416268178259402	0.995576604307994	0.00103112110986127	0.00770547945205479	0.00979901631289151	0.00327235879950042	0.00560145659555449	0.666329051961505	0.341700679797122	0.000263115831725696	0.0517520823389138	0.000463194177900746	0.999990786219166	0.785069872595748	0.104588288498715	0.00296523908668616	4.69298498185156e-10	0.00282476548031035	0.995395962155439	0.255307772932420
0.634326996321484	0.393078670818260	0.0692032461795197	0.962611142639115	0.0106861642294713	0.0744863013698630	0.0872739531844941	0.0330617172172025	0.0251787281820173	0.641674477558160	0.586097721779929	0.00440672942603670	0.0394833832870541	0.00129303221322119	0.999788835125824	0.783965078884441	0.842766621900825	0.0384131516757632	1.02165398731830e-06	0.0327401464635253	0.967237473543321	0.541355591118687
0.828761202863781	0.208231401432972	0.154708672610628	0.895137315791198	0.0314023247094113	0.161815068493151	0.216365235338972	0.0804706131178659	0.0439302858913402	0.538856202900340	0.450014197059515	0.0165840882560841	0.0480206812844816	0.00132136559107250	0.999198176708370	0.781405901747602	0.930883070695585	0.0797641628071026	2.20570455180501e-05	0.0802300380872731	0.849972827916689	0.748893580101238
0.855065189512331	0.100486877713225	0.172421643760518	0.891316893805498	0.0306524184476940	0.177226027397260	0.231421771323267	0.0869395757145480	0.0591763622463086	0.593945911544116	0.575515913510961	0.0168788264775238	0.0305145028811265	0.000766992654529286	0.999314145482397	0.782860261543779	0.931847677209388	0.101057174769361	4.61563405084201e-05	0.0866297850424591	0.839056603593918	0.331544329878191
0.785104467447543	0.172922642974346	0.110707678461212	0.934962279766511	0.0207161604799400	0.107876712328767	0.146439810004171	0.0425066651457866	0.0165146979700965	0.554815132991298	0.289160960700107	0.0100711243071305	0.112854468001106	0.00143044585031161	0.997550866338359	0.781613505471118	0.937591782129928	0.0375344713443575	9.71840304612391e-07	0.0421194584110872	0.871098997967525	0.800410590575137
0.797985273328169	0.142362039219052	0.142512407853592	0.900608944236368	0.0244656917885264	0.118150684931507	0.174115760596263	0.0255110105141586	0.0168702487680979	0.558300685111648	0.271619978574694	0.0119376504279965	0.139896859925897	0.00306709291554281	0.999552015782069	0.783123104175880	0.961302681374546	0.0299249062499581	1.53892753646413e-06	0.0266151175360858	0.861288353148503	0.517152574750646
0.821519165570960	0.190417108974830	0.100439785093674	0.926639832407151	0.0171541057367829	0.0864726027397260	0.126505363293072	0.0215766107695235	0.00690130045569072	0.580020631534443	0.188234497108089	0.00807447714911184	0.370618170200494	0.00624352796523213	0.999393180743785	0.783595597185582	0.988829142581804	0.0284031476520114	3.51409230771631e-07	0.0215968389719038	0.886566829523926	0.530642768546602
0.897398848201457	0.0961069149661863	0.251271753348732	0.827902737754644	0.0420884889388826	0.210616438356164	0.281369659214062	0.110780176420439	0.0916702932955315	0.520846252803533	0.648389652248388	0.0257658205113069	0.0352483837425352	0.00349741669829661	0.999728069964096	0.785347131637229	0.921873847038638	0.0840877599715952	0.000118716103884858	0.110515581965205	0.846450910109759	0.421760550765258
0.720745252134776	0.273940565930470	0.0939816104463261	0.963834519580740	0.0190288713910761	0.110445205479452	0.148977876626900	0.0416183906075337	0.0281028705750127	0.616717131194824	0.441996394318516	0.00866230962743084	0.0517337787858760	0.00171625139493843	0.984831687804091	0.755466161354879	0.846992722123457	0.0481012901354139	4.09789473155985e-06	0.0413313661112065	0.908388197391026	0.494268895663744
0.735734804830890	0.227011596599155	0.0769832519796980	0.973726603635761	0.0145294338207724	0.0796232876712329	0.105060985401621	0.0208187623092419	0.00747470750597801	0.568892067148567	0.204403839673782	0.00644801762791924	0.263179377162800	0.00590062234314411	0.999700529326146	0.783462117000397	0.962335923276446	0.0351010224112050	4.85241924519510e-07	0.0207629632604948	0.922706230781884	0.377080804942416
1	0.105408615805331	1	0	0.882358455193101	1	0.993353280264857	0.940366392627042	0.843948304602485	0.0327056348756518	0.381350199650680	0.990490715253971	0.0143410772472711	0.0386299420758832	0.986132474516212	0.782657237799274	0.819147662208659	1	1	0.941145421856603	0	0.269231220142946
0.840121129601291	0.169974861757775	0.113641008049262	0.929562781938910	0.0195913010873641	0.0924657534246575	0.137074378483886	0.0244257998474684	0.00604089893725935	0.549120339158316	0.172942177432039	0.00946574517539675	0.608931521559205	0.0704970076132395	0.997084705294833	0.785668160417793	0.984914225684598	0.0296674386446138	1.80439264249679e-07	0.0244539185217874	0.882133788943777	0.553097600346780
0.334329164587349	0.710779703679501	0.00769866446658161	0.995570505342702	0.00140607424071991	0.00941780821917808	0.0116241849783365	0.00451599251630429	0.00587921079167057	0.626684088779043	0.340052730836086	0.000448195901725340	0.0327632305556293	0.000311933792091935	0.999660899512998	0.779796300593361	0.415767820035740	0.00718459022336732	1.82889448797359e-09	0.00437595772456788	0.992578948260818	0.749147078317316
0.599854831623205	0.415176215416696	0.0501339489047386	0.986147588464766	0.00871766029246344	0.0530821917808219	0.0679699393844175	0.0167256617096191	0.00983992778409563	0.612884140440395	0.296534355841646	0.00324509181209904	0.100893443244462	0.00208359643734327	0.999918613313104	0.784502073109966	0.899611897747941	0.0207722042847692	1.11999361170022e-07	0.0166265136063438	0.961469564730372	0.661244298493076
0.392415383652179	0.680609401119576	0.0117360437000796	0.994604656944129	0.00206224221972253	0.0154109589041096	0.0163659342287655	0.00581270905267647	0.00854221380432819	0.615397737987006	0.490556425880442	0.000647510654882553	0.0407644337946045	9.39378232542410e-05	0.999912591170662	0.783125994953656	0.538688522176884	0.00770429831429464	4.72238984381957e-09	0.00566079379851892	0.987252633783402	0.375273364711008
0.452767756216067	0.505080334421022	0.0273464052369596	0.993026071909585	0.00449943757030371	0.0256849315068493	0.0360158579001348	0.00631157148570390	0.00530215792395961	0.624805303496139	0.214963003120714	0.00142543727126933	0.235318542382318	0.00864147589846916	0.999389412119938	0.789009616042295	0.589740027394879	0.00727265353907321	3.50496770359660e-09	0.00601237331501092	0.984665529834749	0.353137209048997
0.844408657244416	0.159971737528310	0.108506630066663	0.943911712406154	0.0181852268466442	0.101027397260274	0.134561830910394	0.0464645266019259	0.0232832492408804	0.581944799323377	0.393651202930278	0.00916887375211258	0.0731336268124060	0.00212040101119888	0.999506414735636	0.783283824814212	0.961572833411893	0.0567071395370027	2.57526906840429e-06	0.0461699100611231	0.890906749442023	0.523134746877924
0.513064172315343	0.598143203403214	0.0155457847903832	0.991902680732080	0.00337457817772778	0.0188356164383562	0.0234994698236221	0.00761930995555794	0.00545118597439459	0.559767388060906	0.238966305733200	0.00121839949572615	0.0538567877419259	0.000389261081657541	0.999850349990895	0.782864597624817	0.573619960650428	0.0136110183123737	9.76272458528991e-09	0.00750239075685150	0.981819464739602	0.426350461828279
0.932820655867479	0.158503560227910	0.641503263045504	0.395582640721982	0.170884889388826	0.515410958904110	0.572388635039426	0.312367871636820	0.317116185397285	0.229514995788898	0.598003892794661	0.139031648250773	0.0232107644045792	0.00157605852327649	0.998786161692100	0.783531160788366	0.874228776652562	0.260055110442311	0.0112347287768862	0.312582452202243	0.709920966768904	0.198141279306128
0.947858476187489	0.0548019781849051	0.370254960022234	0.653194451369989	0.130764904386952	0.562500000000000	0.555559357250046	0.339233926076674	0.301143366845328	0.308247301270150	0.705566550269924	0.105030846168798	0.0139738946197599	0.0398679855644179	0.999901137456681	0.784810087488056	0.855347706832544	0.326323919666639	0.00870823678976086	0.339056920930796	0.561856763793555	0.227046235177788
0.802539355721791	0.203274650373652	0.103396809436357	0.953050980629204	0.0162167229096363	0.0839041095890411	0.113377162782172	0.0229392863058786	0.00936200761194049	0.549418196838197	0.225244147127381	0.00766095855932268	0.216863338002711	1	0.999576867242409	1	0.951088862487484	0.0238750964344810	1.91376612769710e-07	0.0227697045406577	0.887841993188703	0.652944034228980
0.994261856034839	0.283865288555740	0.948224258459367	0.174771582395233	0.407292838395201	0.970034246575342	1	1	1	0.149694276180281	0.752445232548591	0.400215052443474	0.0111123278150192	0.00486405117600831	0.999923950976348	0.783472540681169	0.875616903788169	0.721613112882668	0.511256895085285	1	0.225718429761414	0.192460534866157
0.312155195778486	0.649051625453654	0.00746436279363973	0.993978823404936	0.00168728908886389	0.00599315068493151	0.00990559550503429	0	0.00175829097032658	0.518328645470903	0	0.000544155653249203	1.72015402013253e-05	0.00223621934729257	0.999930935508677	0.784714903005348	0.342886191565605	0.00258666379097482	3.34870648422287e-10	0	0.987212744842562	0
0.449387018827842	0.481422967088809	0.0192537648014674	0.993489254342283	0.00328083989501312	0.0179794520547945	0.0250890311856818	0.00454834560579257	0.00442836029764657	0.601138198286007	0.187422001028699	0.00116136782986177	0.343498279872532	0.00125332554637178	0.999898806533662	0.783493768467206	0.601515093967636	0.00553705187000612	9.86836505757461e-10	0.00432829017762911	0.988336338226840	0.578121741955435
0.445619636343678	0.548908876296674	0.0124955902180886	0.993679845876736	0.00271841019872516	0.0145547945205479	0.0201835367299331	0.00339234489683198	0.00398165416772542	0.588457605032520	0.166774680451890	0.000968362919422498	0.218258895478184	0.000355545521577125	0.999919757342777	0.783043036391723	0.382578948159460	0.00493504646039208	7.02052054698269e-10	0.00331317348863425	0.985392307033545	0.224836701329818
0.919310628816336	0.121251707291485	0.284015561954600	0.785367586314080	0.0574615673040870	0.298801369863014	0.377456965955097	0.182461074894432	0.173833289307128	0.510204465031515	0.864728375609080	0.0385243917969015	0.0187554908322224	0.00134486285254831	0.999671094743692	0.783495719661396	0.912274591680688	0.173560742280914	0.000870315433826840	0.182435189360423	0.814854706846516	0.365172010230220
0.469087225900979	0.582224916377302	0.0166206055276226	0.992100219348417	0.00356205474315711	0.0214041095890411	0.0259738620731776	0.00811455913081519	0.00535148945174158	0.579325378953866	0.230533385221783	0.00122768633208944	0.0732677172271391	0.000264281182015572	0.999970050209032	0.783610522162638	0.640953046198499	0.0148515628439602	1.31225492244957e-08	0.00808469483095742	0.981237466662554	0.396677981355597
0.693140503805682	0.325432078001845	0.0725097990653243	0.976384947441119	0.0140607424071991	0.0864726027397260	0.109602452270158	0.0311049764481613	0.0172411238811026	0.613568735497838	0.362892628343503	0.00576698397493910	0.0674682088482629	0.00204747026176719	0.999937429217964	0.784169320171997	0.916471267715139	0.0419778506768419	1.11111158442441e-06	0.0310857707862710	0.932345243193195	0.470356078216468
0.323792024752876	0.571584187811265	0.0176516547451451	0.995184393259272	0.00271841019872516	0.0188356164383562	0.0240759941821040	0.00449454192228160	0.00801576718796074	0.669179960549197	0.405497645926640	0.000766919205671176	0.0617090349396679	0.000172140779187718	0.999939869480037	0.783529218586598	0.571273929525646	0.00468136319074915	4.66820118798294e-09	0.00414002629703151	0.992541700589563	0.161261167307788
0.499137356935089	0.586332248816469	0.0283508591016002	0.989202176614967	0.00449943757030371	0.0342465753424658	0.0388164311336711	0.0153083765536815	0.0138218949609901	0.665641889357881	0.569453722391886	0.00150529638497144	0.0300168547824073	0.00373311417962476	0.999975189264459	0.786376152688501	0.666433834833634	0.0206438202041332	7.80544259832055e-08	0.0152397369974798	0.981728524755345	0.336871737472813
0.895542577140463	0.174586943916502	0.290958437933171	0.819492180892145	0.0463067116610424	0.226883561643836	0.292115616387632	0.126059971663658	0.0924427063691854	0.488663853511488	0.607919499344512	0.0273960223111608	0.0411838530639210	0.00364172152931764	0	0	0.961165507890416	0.104253236172260	0.000125936576169552	0.125757062758821	0.903906585825498	0.548643902756659
0.275420411394551	0.696643897708720	0.00920501158573320	0.994427049081110	0.00196850393700787	0.00856164383561644	0.0123064320438294	0.00383714532903016	0.00367349773748083	0.531444810030213	0.149516413883020	0.000572324795848056	0.556511772652062	0.000382592190951406	0.999805548368037	0.781769185774648	0.408463642409675	0.00669551155098348	1.48390883182612e-09	0.00376526683158409	0.988878505666517	0.441361502599461
0.399019913496745	0.572065253731443	0.0273542944228470	0.983210948087148	0.00928008998875141	0.0582191780821918	0.0746947188941709	0.0168053188728044	0.0137359699187741	0.631996645637349	0.378793246446644	0.00337952862769055	0.0308148786738329	0.000334032278199415	0.999883140497959	0.783092842384024	0.524371975188583	0.0197865394409267	1.93623084748109e-07	0.0166433186257589	0.974834737790418	0.500019681768919
0.579490918176412	0.456498215784567	0.0456607999496203	0.969595122296450	0.0105924259467567	0.0547945205479452	0.0721248881981066	0.0130336241482065	0.0124393657541660	0.537574121420905	0.326548368957728	0.00415389484980627	0.0638471739414725	0.00243232573514698	0.999750793052424	0.784554073605835	0.761482121137014	0.0151880375416581	1.15409454888772e-07	0.0128931275010823	0.972595157724014	0.456735251392340
0.896892479968575	0.114603284681093	0.180726176019628	0.902440118031419	0.0294338207724035	0.142979452054795	0.206924476990085	0.0805098524012437	0.0386569945053413	0.550696273897890	0.426933946432878	0.0162238289707204	0.0635789160351747	0.00364745349090023	0.997317652457911	0.779023443870066	0.990950969694787	0.0730484697306009	9.85337401737033e-06	0.0803954321361947	0.839005916625003	1
0.166942243726107	0.894763248276462	0.00207469411471292	0.996917930238481	0.000656167979002625	0.00856164383561644	0.00985230590896290	0.00455510682670880	0.00785843716754032	0.795981327339977	0.637391576403248	0.000151322092867340	0.0120064421104218	2.79906687965154e-05	0.999955266008277	0.782928342474741	0.0791262458246540	0.00319447516914115	1.29760579426410e-09	0.00402098300047144	0.997891750894851	0.392754879957043
0.737673232786911	0.346302175238232	0.0605518991703538	0.961177970220786	0.00909261342332209	0.0582191780821918	0.0640852213213329	0.0279833200635773	0.0172148358547145	0.556744534932043	0.464930418678033	0.00413257223598018	0.0554963457052208	0.000387314987524371	0.999815990462184	0.782521553052706	0.828573241528533	0.0314000884298756	2.97417005221142e-07	0.0277037549500008	0.964857875198105	0.522277392430589
0.949390404275961	0.121244858192143	0.185785650115701	0.884346223422650	0.0283089613798275	0.139554794520548	0.188775549285163	0.0679669393674553	0.0424628649374329	0.520735080287454	0.469480216050409	0.0167897191405813	0.0623008042601353	0.00118689667344224	0.999673631159284	0.784354198131389	0.966713407102949	0.0684138881426748	1.19215686995140e-05	0.0677336314030904	0.820007506862454	0.486034474429253
0.441094776432637	0.486466371698833	0.0279266536458587	0.990367036562190	0.00599925009373828	0.0410958904109589	0.0538004331579101	0.0108566564499056	0.0120141951029580	0.693957239117511	0.424194812061127	0.00210550009887940	0.0452095644817302	0.00156847730828482	0.999946257000457	0.785516045816185	0.635726240421348	0.00989251298492091	4.75907621200463e-08	0.0105928316085977	0.984699558907647	0.433092602390769
0.0786714559783383	0.932614966314035	0.00112640579821981	0.997218775550259	0.000187476565429321	0.00599315068493151	0.00916515059120028	0.00368875754174531	0.00755588063040248	1	0.729679093202094	2.26370775360208e-05	0.00554756783808028	9.45805578585315e-05	0.999964021689336	0.783146899365722	0.266619227805652	0.00252995817123540	7.84463211133614e-10	0.00339220031431679	0.999401827487266	0.672840577498433
0.0676841824424080	0.864156754552660	0	0.998113704365292	0	0	0	0.000953726791900377	0.00462717662661560	0.598775425719272	0.315454408301019	9.85901647325547e-06	0.0527302010821526	0.000123257690799578	0.999964444089814	0.783559765699594	0.110320778227195	8.44720320845267e-05	4.16795283965820e-11	0.000485022876966025	0.997581182931098	0.820270231782785
0.483349940459589	0.576194577285169	0.0133759176831652	0.993274309279318	0.00337457817772778	0.0196917808219178	0.0249071195311681	0.00554375924766626	0.00486338897867882	0.585029736258705	0.208865184588472	0.00121802535834533	0.157559808364461	0.00161623476783013	0.999987734113373	0.786061380215956	0.672719699626274	0.00830121645333997	2.80188089083265e-09	0.00547992274436012	0.980251927381007	0.544867449476180
0.577624499823060	0.438916997579174	0.0323152716382890	0.982306446956940	0.00928008998875141	0.0488013698630137	0.0624748632433184	0.00750527942680071	0.00107413974649557	0.532833407179362	0.0855977486990166	0.00343064500152650	1.72015402013253e-05	0.00305786712007823	0.999743034793711	0.784433164454208	0.852176344017670	0.0135817850951854	3.41948472660847e-08	0.00747410000660565	0.956463042604652	0.241531450156430
0.854031021362103	0.180864335486135	0.298007378237311	0.755916806954846	0.0740532433445819	0.413527397260274	0.412888520621625	0.221903735072845	0.164040653834096	0.424529960709823	0.674104927041235	0.0486638206680362	0.0184905681557573	0.00592777425633201	0.999788108284701	0.783716641302382	0.877898782312640	0.226459735891588	0.00142873694683404	0.221764405988121	0.798770543927528	0.419621809518776
0.964139275703576	0.0812272187370128	0.418765174324235	0.637623319805109	0.106205474315711	0.519691780821918	0.535526738595913	0.326082517495157	0.300271980377201	0.377482808827005	0.831593425396877	0.0845589146206951	0.0173581699120209	0.00134043993204090	0.999717238062355	0.783785637521633	0.875825164078468	0.267534244303780	0.00627404888238649	0.325990109369640	0.791702975733374	0.336368244130520
0.413754011453209	0.621323111079585	0.0252090478231203	0.985209992242811	0.00712410948631421	0.0385273972602740	0.0522851495420212	0.0108694275838025	0.00895981751802627	0.579365490257927	0.299241808431461	0.00221646656865126	0.0272561231421172	0.000516910965417009	0.999670300487417	0.782567990531035	0.671035811291209	0.0115052971187954	4.02306782083000e-08	0.0108750403540839	0.981002697372521	0.680118466000854
0.789840233669438	0.161340409629733	0.136509779371935	0.901896772307000	0.0239970003749531	0.122431506849315	0.182771579561017	0.0536684207228779	0.0302585186607937	0.599488007921938	0.405038866942337	0.0117288780447329	0.0640365673472974	0.00768820065870503	0.989681517578942	0.770712297783833	0.959580613891476	0.0444930566949924	4.77285779654577e-06	0.0534054306680096	0.867287542039835	0.743981068746108
0.878946804851109	0.156411129666956	0.330479149872434	0.740906064011350	0.0643044619422572	0.309931506849315	0.354209448312894	0.153582246152338	0.130496747772007	0.419304419873770	0.625392721060592	0.0431753493001081	0.0295700020210253	0.00279510612178363	0.999295710457219	0.782464526536159	0.864850971171456	0.149106458291865	0.000522628057111699	0.153455256697948	0.844338547405718	0.403981439872035
0.887723521588674	0.186155880059568	0.337101269037118	0.722275065258839	0.0855830521184852	0.442636986301370	0.501705078133778	0.241782519274753	0.282735303508765	0.448705444541528	0.944152551621524	0.0587306855481902	0.0136540570118413	0.000800898658371699	0.999714754325019	0.783674409403948	0.892751634698579	0.167404374037481	0.00404157588092434	0.241762964634783	0.853707112578244	0.112141518649787
0.460489959615788	0.513136786722104	0.0163738714381207	0.990118731648335	0.00421822272215973	0.0205479452054795	0.0280584385538680	0.00364439404217625	0.00155412389239257	0.537078032069821	0.0548335493241807	0.00145873651109098	1.72015402013253e-05	0.000364153506671732	0.999841112308099	0.781054773674787	0.564128094672785	0.00575838181939661	2.09985036073392e-09	0.00373262714889959	0.978503177534490	0.274979798925301
0.623822381423176	0.419409607759916	0.0553967666482961	0.978298359159972	0.00965504311961005	0.0573630136986301	0.0752812719654118	0.0209984087556468	0.0122636075902553	0.613109579290799	0.337953895960840	0.00374450839160393	0.0757138509694718	0.00234792067898266	0.999740238756264	0.784187436907264	0.878618430671375	0.0243838710489768	2.06161298557365e-07	0.0208447077471577	0.967449575191849	0.646868424298512
0.907131822173309	0.0750232841908650	0.433699042325901	0.566410994875605	0.175946756655418	0.575342465753425	0.517514714394821	0.255819417672462	0.156160174420824	0.194012110193340	0.358633231315581	0.143199864416978	0.0309612975383062	0.0129554859104057	0.999580076500133	0.784064360170197	0.812799326095965	0.332607660244338	0.00381355058277920	0.255589603844337	0.408553891560652	0.271614100332214
0.928666308969955	0.214371386053525	0.186183447086668	0.865343974490014	0.0366516685414323	0.226027397260274	0.262025988777050	0.116276247786537	0.0941708532617692	0.560227336349720	0.736626176638092	0.0216656137762460	0.0252130065742972	0.00359999173763346	0.999644487067247	0.783552712141372	0.923563427647120	0.130316268521134	0.000131626391200634	0.115867473957179	0.826756255963926	0.290501945435314
0.952497854555855	0.185336065135385	0.651243160017549	0.347375844676335	0.295088113985752	0.812500000000000	0.796733738312936	0.601315726698393	0.632932747558007	0.171621897691275	0.673688474104264	0.257826521543801	0.0115481821112143	0.000949683679179587	0.998975412372552	0.783280033968634	0.864267765930466	0.573431972885598	0.123706605962905	0.601695435422084	0.238528997897467	0.124452677709609
0.474772201907542	0.558057179420666	0.0179942970363899	0.988003130291460	0.00524934383202100	0.0291095890410959	0.0359284382550727	0.00796067938164415	0.00225261510797736	0.546833988609138	0.0942929172336136	0.00175856452452604	1.72015402013253e-05	0.00249902201955329	0.999979649848361	0.784916095083725	0.724462700347433	0.0124785874423524	1.20569264385771e-08	0.00805098399703856	0.974393882042718	0.470412072709396
0.464404717830893	0.561788823302874	0.0230362355930131	0.992309842652103	0.00496812898387702	0.0308219178082192	0.0391082941521543	0.0117925749470927	0.00818003025174875	0.616518233378794	0.320888161346217	0.00161832318640262	0.0420644293540467	0.000655251999441705	0.999710405803476	0.780621417934862	0.769159263387505	0.0213720913425477	5.32989617854115e-08	0.0118392710272829	0.973126240128763	0.485527088432404
0.866508790619690	0.208395797922884	0.267351231020771	0.799866222115363	0.0523059617547807	0.279965753424658	0.310739915704680	0.145286830568836	0.118668637117458	0.457017046654221	0.677863827559960	0.0320901638748506	0.0250402784888437	0.00816559304556274	0.999511875379744	0.783790323144693	0.858096012149476	0.171461087872386	0.000387272115572037	0.145013614909492	0.831657312495583	0.276147562841304
0.863151590261271	0.144326138984431	0.157714519709311	0.922618748002685	0.0233408323959505	0.126712328767123	0.166711634302882	0.0484097133231202	0.0213969886318199	0.560530197010999	0.322886265782834	0.0122140734037437	0.108393150206181	0.00243860357838367	0.998646309865199	0.780488605933769	0.933056845382050	0.0544763918326938	3.41667906983406e-06	0.0482583766565397	0.865691782103314	0.500152850224522
0.762102092728963	0.311585306108203	0.122351779866972	0.909880264360229	0.0272778402699663	0.130993150684932	0.173960039265166	0.0424395858434785	0.0225530227659453	0.496748542748773	0.308443360296867	0.0133237880672309	0.0736294768896963	0.00350639473086313	0.999592911771383	0.784419640578550	0.924395413675652	0.0448733591749571	2.75305571709151e-06	0.0422214408205602	0.874271189221730	0.482406012596153
0.776670246157101	0.211156641584707	0.0780389862603836	0.982331046212601	0.0112485939257593	0.0590753424657534	0.0864372349666221	0.0140973671214291	0.00907830640365036	0.604679482716929	0.251342891616764	0.00497289308424749	0.194474291855009	0.00405696933772904	0.995101716272574	0.767414862150587	0.981542623834375	0.0175558643530353	7.53810006042422e-08	0.0138461654014141	0.943463692439020	0.386614307813293
0.321284016658715	0.589289879702780	0.00662305331239125	0.995708419825309	0.00131233595800525	0.00856164383561644	0.0105381945809785	0.00376472372919481	0.00407928377306126	0.616016043609450	0.186818252058406	0.000494659012416188	0.156266446830563	0.0221893133746959	0.999971764818858	0.838070975738051	0.431190408338158	0.00353028188400438	2.69181045309073e-10	0.00335579777938841	0.990566826135290	0.940789304488918
0.410035075487897	0.533062018730910	0.0190735861195532	0.990258676085390	0.00468691413573303	0.0256849315068493	0.0346892345137569	0.00577250554403897	0.00280181806922678	0.585091435345212	0.111931183410338	0.00147296486699166	0.00286801691519765	0.0100780588530984	0.999965601033602	0.790005170637003	0.523999795939603	0.0104581415096518	7.88199296169615e-09	0.00572610190042539	0.979798336757475	0.206433619801009
0.568903526171536	0.454440863096358	0.0207755261231172	0.992081823350397	0.00374953130858643	0.0205479452054795	0.0278557752343436	0.00654605470988173	0.00510367450290968	0.587612953818780	0.215659458957784	0.00151964467906558	0.194390013732320	0.000161088928349418	0.999927115422238	0.782206442746093	0.630560970442596	0.00952671862728896	3.85001725391640e-09	0.00645827659389899	0.979001910332005	0.519623482307025
0.525794129135952	0.533437088093505	0.0249798555994271	0.990471851285187	0.00440569928758905	0.0359589041095890	0.0407669328298763	0.0153628997123108	0.0150155523474774	0.706159688444746	0.626660900318968	0.00160841777723021	0.0344602126212292	0.000458238564171946	0.999337449455211	0.779842564911069	0.620417490901092	0.0119595616763703	5.42196269176271e-08	0.0149646259758076	0.987212249717027	0.365605415494860
0.587105010462513	0.377981805005893	0.0477880918631071	0.988192867055099	0.00778027746531684	0.0496575342465753	0.0625685059266218	0.0136597311818225	0.0101925945481471	0.630616689800094	0.321425998475636	0.00291859666732345	0.0980768247835098	0.0110699642546293	0.999958200790241	0.789527444622737	0.873892513764982	0.0165449207992454	5.93204899342730e-08	0.0134401860591000	0.971812475746358	0.432116540269671
0.897568949697804	0.115258313239843	0.255927817400672	0.804469802064687	0.0564304461942257	0.271404109589041	0.326765705925133	0.160448192826700	0.126509518418422	0.443926875937554	0.673641363086530	0.0375134608612359	0.0237745591697085	0.00298390980095074	0.999834638826659	0.784365162414732	0.885299714993514	0.118406431288696	0.000383112189597467	0.160085149334558	0.801942592580472	0.355343862381368
0.767457169935953	0.209886391259370	0.130857590134738	0.922522627731816	0.0221222347206599	0.116438356164384	0.152827870906865	0.0475691399447162	0.0284911421881932	0.541474398542402	0.407078543354975	0.0111063527675850	0.0629891555074783	0.000482928139220405	0.993091988207997	0.772814410842707	0.886994632873518	0.0468583958725983	3.76718948360055e-06	0.0472546216455088	0.900059580727082	0.413921250079365
0.733392555284712	0.216680054504426	0.0775499052413312	0.972881256675503	0.0142482189726284	0.0719178082191781	0.103243741977810	0.0112244600726309	0.00415849128528450	0.570148084840499	0.152917670187001	0.00614127358986084	0.908995336451910	0.00236651384949113	0.997328929413112	0.774426387330610	0.950897735125326	0.0153487623689308	5.33774655048402e-08	0.0111886231145176	0.909840046693342	0.347944857227677
0.425398321170641	0.534236567123744	0.0148590045577084	0.993523664315445	0.00271841019872516	0.0145547945205479	0.0208971539294978	0.00475336201583543	0.00540067383367766	0.603256703543911	0.250746691405452	0.000958050686087984	0.127837605746753	0.000755679715004419	0.997935148072575	0.767989705109711	0.405003164831719	0.00492853449428151	1.22567318229766e-09	0.00454347920264812	0.989900955521615	0.366663384461042
0.758219925058460	0.248846570479475	0.166541741397552	0.919122013349942	0.0299025121859768	0.149828767123288	0.197058656907745	0.0567929875789933	0.0307790516812031	0.513997399554681	0.360089381405617	0.0149379429983341	0.0745940975902719	0.00648993878628242	0.999218093549610	0.783676805464537	0.902132482707648	0.0577415068628836	7.49592225137976e-06	0.0566350462997507	0.884710908049808	0.697133633026996
0.837935116679472	0.157775130033309	0.135542546219156	0.909046737763405	0.0226846644169479	0.120719178082192	0.163702250285764	0.0746528718129706	0.0221596244528671	0.566663825384488	0.335610714260136	0.0111967647214128	0.0953482414691462	0.0143902832336644	0.999360177152856	0.787225014658551	1	0.0752351529548605	5.41946766599136e-06	0.0745770103127556	0.877076748690663	0.870389698383476
0.900110269350832	0.113401983182281	0.312467833372969	0.754409594669297	0.0603674540682415	0.347602739726027	0.394718717518916	0.217224661100976	0.180554708905494	0.507513117787521	0.857996028625603	0.0401186460121061	0.0204264888213106	0.000565892205678199	0.999133551289724	0.783281178504134	0.939296948659865	0.171781074363672	0.00104813996315015	0.216990431972006	0.786832779666476	0.372769176576627
0.541392589762699	0.512858639391377	0.0345156979792653	0.987871206784539	0.00674915635545557	0.0496575342465753	0.0589368139667617	0.0152601932346438	0.0141903449635341	0.679273003451687	0.464575698300794	0.00241045039393833	0.0402382843417757	0.000498234116472821	0.999928501821385	0.783598624654911	0.688878823200504	0.0199697248021734	1.37938438999178e-07	0.0151800204785454	0.977060165897989	0.305346809364120
0.0331984683006790	0.869934234440060	0.000279508399175387	0.997843180364079	0.000374953130858643	0.00171232876712329	0.00194768249170716	0.000866670210071641	0.00386788373235785	0.556553054994976	0.180070500117530	5.20153125475044e-05	0.174489988855864	0.0100098699567112	0.999989738979149	0.803951693875448	0.0461805587248869	0	1.34403596220104e-11	0.000367321087628663	0.996096737425204	0.593274867041771
0.972932535779840	0.0477974021303792	0.448347970096687	0.626994686257931	0.0933633295838020	0.411815068493151	0.479203342925257	0.237540496879886	0.260536569347781	0.385680869878822	0.820116420004773	0.0749365215506766	0.0213692411873116	0.00162212985974879	0.999936301411909	0.784007688142196	0.870105959590637	0.205180827150469	0.00354427300364466	0.237555037722092	0.745556181744219	0.184753967326353
0.842219301748444	0.145730343548556	0.185509863473805	0.911398796215499	0.0299962504686914	0.147260273972603	0.211688785775771	0.0672589478885729	0.0360460657572304	0.552903182911340	0.401189335353543	0.0157508078637446	0.0722430830165027	0.0419477293002221	0.998035196439180	0.787468754961924	0.972563369177885	0.0674590769063259	1.01590340418335e-05	0.0669778705939906	0.852935365549448	0.677721781242978
0.719646456441824	0.298564393025993	0.0934505280311830	0.933935745259422	0.0164041994750656	0.0984589041095891	0.115698766105755	0.0378178439995979	0.0281569900884153	0.554309530477753	0.486433398681986	0.00757632086274896	0.0482909841759618	0.00118846554668062	0.999770819474058	0.783246522846738	0.808754622747473	0.0304344381153489	1.89679452836250e-06	0.0375462794268260	0.938683322923396	0.599627544805535
0.893307160025142	0.0809519571586193	0.232600000007399	0.845966441081236	0.0434008248968879	0.238013698630137	0.305090878703399	0.108861532813058	0.106369096998921	0.549887682744981	0.715363775402950	0.0271282170833661	0.0264950816623273	0.00410429587143739	0.999115926855207	0.783483186765785	0.924717951537048	0.102995307938218	0.000184061776644909	0.108747528537828	0.834780291831912	0.267360140144716
0.968567067947827	0.0478380867560342	0.524357137750262	0.555849313407741	0.177352830896138	0.655821917808219	0.733004267591027	0.446980227420784	0.534584410595207	0.297359682908150	0.885098378174452	0.145621991790385	0.0121583865862455	0.000674387852200972	0.996553998318750	0.782648518150933	0.899360983439361	0.478281279548577	0.0449509817594429	0.447026524020307	0.201888942238396	0.0452827616939994
0.682223223715787	0.268540580398981	0.0865447234668448	0.980966009748842	0.0134045744281965	0.0770547945205480	0.101747549854266	0.0229927019841560	0.00844284989900767	0.597416707658359	0.225175540431012	0.00537650442634798	0.228376441547856	0.00274946981613037	0.999602634784779	0.782232785000943	0.967197649320042	0.0369331294877240	4.34831394014738e-07	0.0228316020922146	0.938402554695435	0.387267454180570
0.920341678876161	0.146962474004283	0.395974906736060	0.746064182466264	0.0708661417322835	0.373287671232877	0.444128802878504	0.232941227468716	0.225393073723169	0.483930336585837	0.909078618333592	0.0481079739289433	0.0208657015533609	0.00441972241270362	0.999819062292678	0.783985928585051	0.942779927958021	0.178722907068973	0.00191745397345048	0.232789391409344	0.888570313075231	0.261685274101307
0.955553218797526	0.0921823279051182	0.348769613746109	0.662987423721214	0.0797712785901762	0.314212328767123	0.352145133629306	0.152396189312826	0.154555656837452	0.324582860644114	0.607676983074109	0.0563710345897198	0.0258630118836331	0.00199166201269122	0.999340949902956	0.783670618179212	0.934005920181521	0.115716393316319	0.000788872321729237	0.152990330177619	0.703142382039404	0.231665818127840
0.875136415067864	0.182110454397543	0.315985447733355	0.743996626105391	0.0765841769778778	0.351883561643836	0.394361022195323	0.165002646946092	0.166170439130580	0.387849975923839	0.663731757262018	0.0524929083264998	0.0234853880546922	0.00171396027628460	0.999915295048359	0.784115565428587	0.804763255890240	0.120205499343337	0.00100282528473105	0.164924103301413	0.873925299730717	0.196890521659927
0.851145506342826	0.194418951107195	0.339044707348396	0.685846758439365	0.114923134608174	0.517979452054795	0.503899036421065	0.257704526843338	0.215514932340317	0.320455343909153	0.598384177067946	0.0810543749147037	0.0171169133012197	0.00248134021091575	0.998666698686146	0.782894688433774	0.802796417452304	0.215083797734524	0.00370779823507776	0.257336812415454	0.630018507097518	0.226663153661974
0.987363981378844	0	0.852035241297428	0.0731570077549855	0.848331458567679	0.914383561643836	0.858342825273074	0.742001660435444	0.542730038330782	0.0227899439587758	0.302377101861938	0.908874721517072	0.0193622611688742	0.00747858495258333	0.994726447584236	0.783103877132234	0.814265995593563	0.715648429024995	0.330527318149719	0.741912971184423	0.127002881306512	0.262623574871035
0.766789208071850	0.226801929660969	0.131561410116417	0.913891408991605	0.0246531683539558	0.136130136986301	0.156164220882563	0.0393132232821900	0.0319753626229831	0.493774683921782	0.414876460145764	0.0125908241765513	0.0563001099509098	0.0138430327654292	0.999262734642011	0.784828194888261	0.821840649872219	0.0379515257490423	5.07336165792592e-06	0.0394444594276393	0.911472739168801	0.418031740471775
0.966983813321265	0.249488958740318	0.727911432004355	0.287642422017879	0.383764529433821	0.882705479452055	0.896953297128974	0.739330216488609	0.719888411170139	0.139514183218376	0.608114132351562	0.358277778464016	0.0118113403692007	0.0191085610711987	0.999776407550790	0.783623336045774	0.830575046193810	0.512504028709398	0.227382930183506	0.739336223531929	0.503614077915903	0.189242559830813
0.868665629193739	0.211581062744557	0.466465419879906	0.572609053072240	0.195913010873641	0.655821917808219	0.498419289574572	0.363128515881044	0.238480169588944	0.159178244192567	0.441016477378618	0.149622699828022	0.0209273886034688	0.00194068357869077	0.997861810252192	0.782966056839737	0.746493356547938	0.308670023610342	0.0102690034604182	0.362897652884434	0.651363567803024	0.548835483873164
0.948939417669303	0.0873879034651297	0.593029376920587	0.426939361380876	0.213348331458568	0.642979452054795	0.640118723738954	0.415984976807046	0.408262279346870	0.198539364789749	0.614173241050920	0.184590874604551	0.0162540429589607	0.00891960323335381	0.997943563465258	0.783084457334746	0.832740211592577	0.393589281962991	0.0315408245276978	0.416011301398050	0.542848356015445	0.238385135015634
0.951735277228078	0.207565446620081	0.704373432520850	0.424410686251326	0.214941882264717	0.751712328767123	0.757827983072191	0.530196031712468	0.594078474768630	0.244160199728267	0.825009818980654	0.180226095194237	0.0131272435447365	0.00432414491605793	0.995660177551589	0.782415828998757	0.862391119589276	0.437081879211987	0.0734227780726134	0.530380723760897	0.445115082779462	0.146602756940431
0.868471737121996	0.119737160036827	0.134424670069870	0.937146407466464	0.0189351331083615	0.0984589041095891	0.138468327681933	0.0401582768408981	0.0212450279989086	0.574862866075286	0.359593037670131	0.00971441604180535	0.0972874774818784	0.0120448006665149	0.999579659416608	0.785729716102113	0.968874185033492	0.0366702692347893	1.43843020642236e-06	0.0398540123286790	0.877040828619741	0.545940996736800
0.896735738273166	0.157009512297890	0.599269296709560	0.379336857564382	0.263498312710911	0.726883561643836	0.706126253881259	0.477768319920019	0.422418991844546	0.170126022351213	0.538533344666048	0.222660199255617	0.0161732496198976	0.00285599949102317	0.999161515307088	0.783352180559506	0.795364764452810	0.445229384159084	0.0436716202788468	0.477856408092704	0.518025566061404	0.215025264046262
0.744963433641651	0.272646162310811	0.156737212325308	0.896903293559053	0.0333708286464192	0.196061643835616	0.227311146310717	0.0840482681273898	0.0676545186468313	0.532128810476801	0.602567755885284	0.0175846426010737	0.0269686059272607	0.00494483486674678	0.999503280464975	0.782731182238026	0.818497831408527	0.103555180284803	5.90163109099448e-05	0.0841026709964563	0.913373896934372	0.443345176540559
0.872085102054999	0.192759383150656	0.257893148597224	0.811608800936839	0.0491188601424822	0.279965753424658	0.330230244008376	0.127260165324224	0.143471983845406	0.523677044341464	0.833789966038230	0.0308592505937373	0.0219939733678423	0.000797985305208302	1	0.784347880237754	0.854830098063474	0.0954087875996601	0.000406709969420413	0.127038479529642	0.862872347181559	0.155780713810677
0.653184062035328	0.569920666640087	0.0303285933429527	0.971790832777232	0.00703037120359955	0.0359589041095890	0.0434734071520888	0.00581420285358014	0	0.496099994242652	0.0387573652803330	0.00264956591015997	0	0.00104032200185597	0.999032180797558	0.779261280886980	0.812238541278220	0.0190550923105666	3.96917506055143e-08	0.00588169517215813	0.960515205180742	0.0256167945183182
0.965990243236415	0.0195078898725971	0.721866844397470	0.181623877494658	1	0.776541095890411	0.752654419527140	0.505797382541434	0.381600559701733	0	0.238234649396417	1	0.0208713438349178	0.0282581057962715	0.997034879284304	0.783500582742509	0.788839365480954	0.526737562876550	0.179222665014115	0.506169247669329	0.196949929600041	0.298111070859165
0.668412155139919	0.316903865348006	0.0617769016941783	0.977847369903236	0.0109673790776153	0.0659246575342466	0.0825703342674509	0.0206340708073196	0.00682999846777554	0.592691505110615	0.208748143547759	0.00435322276757077	0.188628490496650	0.000513878393403236	0.999689279264595	0.781787270080874	0.913953608408532	0.0385871702183236	4.53083610696129e-07	0.0205309892550523	0.928109354312532	0.273490295496459
0.725155005654534	0.259993848680184	0.141737846956424	0.908857407760659	0.0320584926884139	0.192636986301370	0.245016324592268	0.0823480910597578	0.0652503995506660	0.601701195648978	0.602617169938921	0.0167669226289484	0.0265561388746406	0.000959880737703387	0.999627025805946	0.783668452495548	0.770853626739237	0.0719839429525155	4.47466636477431e-05	0.0819272313438568	0.892814767287651	0.460129224863745
0.625369703421379	0.448987463435470	0.0564488606952961	0.966739102290930	0.0139670041244844	0.0898972602739726	0.106106799323737	0.0271035744345485	0.0305365750993487	0.597920893954172	0.578793474110754	0.00592821917065522	0.0259555783706447	0.00531864876324353	0.999592062628683	0.784054987572604	0.651595215646301	0.0271003887203463	1.69641902964328e-06	0.0269896173425881	0.962450464745441	0.243533389498048
0.0409059162183019	1	0.000548313365831642	1	9.37382827146607e-05	0.00342465753424658	0.00483716281202237	0.00217582702195883	0.00694150942118046	0.825164041650541	0.667892984670349	0	0.00784581960013599	0	0.999977706966797	0.782927603033030	0.246585085923249	0.00122813537192897	4.41515420794888e-10	0.00165824040665889	1	0.546985796408569
0.493691033311683	0.508453108516895	0.0207242460708053	0.986861125852981	0.00524934383202100	0.0256849315068493	0.0358466788747988	0.00702807747897656	0.00167199832821447	0.545774277320962	0.0728187792424776	0.00183401717349665	1.72015402013253e-05	0.00105439613734826	0.999080860485519	0.779398937894740	0.730505062557180	0.0115852912966785	1.09827241622647e-08	0.00694324162255120	0.971920344538074	0.373955768491086
0.903372151270231	0.129484333668170	0.344612371057314	0.708255684159822	0.0742407199100112	0.337328767123288	0.350971130616147	0.185778877996799	0.127191028291964	0.351801154750831	0.551347629755359	0.0521750325180727	0.0302897116196320	0.0116511285049043	0.999588966615352	0.784257151301740	0.833922437416721	0.166749541970192	0.000681681536102644	0.185589149563323	0.801179036176731	0.455378436819675
0.816804870605615	0.228771008238483	0.0737641963152523	0.957016334402690	0.0128421447319085	0.0599315068493151	0.0887160635858819	0.0149334460236862	0.00295149834099583	0.543977058787922	0.132782652178587	0.00602310743297601	1.72015402013253e-05	0.0602913395196672	0.998069765715679	0.796692375110585	0.951323158125175	0.0193266299831606	3.44837557988758e-08	0.0147994398529715	0.918597738323056	0.412991022471143
0.716099538932406	0.265607579966987	0.0742287749864356	0.987197269021289	0.0107799025121860	0.0684931506849315	0.0826152122538303	0.0200918897897593	0.00864406836088079	0.603078845473983	0.246612159803889	0.00455685479835506	0.186337242575979	0.00385666017924125	0.999737138190135	0.785542357789491	0.966013562149817	0.0199043189584779	7.74027541080073e-08	0.0197297156274679	0.945777292259939	0.642241599678675
0.636557543519574	0.412037058452342	0.0592184145276484	0.977423415613397	0.0122797150356205	0.0753424657534247	0.0892062754966712	0.0246492223108340	0.0151789267026803	0.572016305999357	0.353825388098392	0.00502573608299442	0.0537391210395036	0.000406790722678145	0.999910029926120	0.783472672531356	0.803090346854355	0.0257507181680722	3.97018645699367e-07	0.0245117455971573	0.954154309947181	0.516321075147510
0.960622041529620	0.158539438440731	0.615476711907239	0.521147655528319	0.131983502062242	0.592465753424658	0.631115842147781	0.376617776133974	0.461333240818322	0.354339820752502	1	0.107593155346378	0.0158238163216795	0.000713496972396287	0.999821901857727	0.783698860651867	0.886199158506751	0.277929294434495	0.0213691930183844	0.376713939441221	0.915500420492722	0.0843314621440540