0	0.661944905480278	0.00181289794161754	0.984543272892680	0.000843644544431946	0.00684931506849315	0.00649506135646552	0	NaN	0.601642256433577	NaN	0.000156775771932331	0.656446377407803	0.000719999755784550	0.999330753624025	0.0380673088512973	0.00927699343900310	0	NaN	NaN	0	0.984943167978971	0.375657891652357


0.401219939721482	0.412868464934443	0.0209722371194514	0.906396368264143	0.00206224221972253	0.0111301369863014	0.0136877904262035	0.00887628178314781	0.00733335456139024	0.549626992854491	0.427579336767399	0.00122629858370978	0.726272395255329	0.00499809080649121	0.994785111560235	0.0440840851254775	0.279965003805531	0.0121305639223391	0.422382176504034	1.82597382566190e-08	0.0118829428457798	0.971738952058900	0.609505591801849
0.836772261571011	0.365655191717987	0.214659773116824	0.832594454017569	0.0217472815898013	0.117294520547945	0.154998826639803	0.108673609382255	0.117383737825275	0.559453531448369	0.744963387645100	0.0191274093575034	0.351945525417995	0.000138455590362244	0.999989382998708	0.278196507026111	0.862734924746953	0.0977617447880749	0.636358975106679	7.19025376030558e-05	0.111582357667589	0.901674597041674	0.121749923575789
0.434643340329462	0.519812536901103	0.0657765990437072	0.886382870024515	0.00890513685789276	0.0505136986301370	0.0672185560798110	0.0413985926191594	0.0325275508810615	0.594321533544997	0.477550366375369	0.00498606903473346	0.401466617273420	0.0132993674025492	0.997823635541871	0.203037253996933	0.682706758756205	0.0462016222758260	0.643559877069657	1.63571071362240e-06	0.0436507448294763	0.959322705368862	0.532197710991161
0.510305930387106	0.412047208521908	0.0397410144996685	0.881235138883852	0.00374953130858643	0.0248287671232877	0.0288505143610095	0.0329529720396272	0.0256857113808642	0.604189866112384	0.814073603669118	0.00264402620355880	0.269910669634501	0.000833950422846338	0.999340608484935	0.0267370583697306	0.551345323990652	0.0415260180015084	0.553382548202741	3.19367958290372e-07	0.0356710757980221	0.970554223600367	0.584816978557153
0.359012277968205	0.396217801891924	0.0272406540372157	0.903168067747906	0.00224971878515186	0.0162671232876712	0.0190142171945045	0.0157733370713500	0.0125074227214926	0.643076450868906	0.618596571827084	0.00125224549594643	0.380753956757210	0.00293791976767411	0.999567935990945	0.0276109594116084	0.439771805650421	0.0246016033317526	0.410121416420325	6.01110323925555e-08	0.0189733987861408	0.966598518397832	0.430387015626724
0.407291926297920	0.478769747453556	0.0239106050843792	0.886129420170525	0.00281214848143982	0.0188356164383562	0.0204002444675185	0.0234731065867731	0.0142313277614360	0.578610622657436	0.590998698036690	0.00169874577083913	0.338309315875988	0.00103082712569979	0.999664457533398	0.0242382687008285	0.304319271097604	0.0300293849123159	0.315612754833976	9.12243693706388e-08	0.0254064799895042	0.967078047609549	0.431746413599750
1	0.531777339636638	0.851325144253260	0.277601561921023	0.258342707161605	0.817636986301370	0.885204487337778	0.851212086972936	0.875391738728283	0.235113883854395	0.457021639056245	0.271236407849387	0.127802614346521	0.00883238876089568	0.998979295061926	0.750782324452751	0.985185533801027	0.559385582195352	0.311888190201402	0.218283034209645	0.849704411457704	0.588335046349791	0.0570722601157380
0.831957812663106	0.326415829356861	0.174926463256298	0.838183438316007	0.0201537307836520	0.106164383561644	0.133195669946884	0.0871250731042523	0.0970459184134190	0.517454406688684	0.658103477276654	0.0170141528418655	0.359901583431694	0.000329917750612599	0.999966533354355	0.230272200359538	0.861406197006979	0.0808176518609733	0.578209650394548	3.96652604154650e-05	0.0902042125757333	0.868520397207399	0.162493742967169
0.744962081062409	0.454994965805781	0.249408478056225	0.831241116531060	0.0559617547806524	0.310787671232877	0.366117557090647	0.181251622915214	0.207882968346780	0.508000497903274	0.504580007665199	0.0437557396540072	0.235143133391223	0.000241058631403449	0.999969041667322	0.431784459777637	0.802610734016384	0.127537150014762	0.256078740956538	0.00115243074265981	0.181377609364728	0.917310663231848	0.0289415527186690
0.564558273835040	0.431711278648217	0.0894343856416865	0.851930150463355	0.00993625796775403	0.0556506849315069	0.0724632488053571	0.0568701566432558	NaN	0.574836043747745	NaN	0.00669404390053088	0.386319643090166	0.0103898014052979	0.997674289871900	0.140415836882231	0.690791081983806	0.0652891657151371	NaN	NaN	0.0599493538888211	0.945041006386602	0.485860521888350
0.108975272735866	0.866108859863136	0.00817928537970304	0.980536251398195	0.00149981252343457	0.0145547945205479	0.0157190059855492	0.00735849636558500	0.00879980919167104	0.724431966768377	0.597949112603326	0.000453722893823781	0.165544428858430	0.00221424287047252	0.999262853905517	0.0367509788534444	0.347243503140730	0.00898167363038146	0.494599643580234	2.02645384779512e-08	0.00876004784190142	0.994870979529537	0.736045476590960
0.927703982480938	0.534167575746104	0.370174564209964	0.731431180111433	0.0597112860892389	0.303938356164384	0.375520462231927	0.268977839257833	0.306770428198922	0.486232310422983	0.722131576680159	0.0564199129812707	0.185705032412827	5.23507865173355e-05	0.999967591857811	0.510181930181831	0.940419091004071	0.196114006454874	0.358982693743864	0.00271568588002281	0.272125591566495	0.947041666173925	0.0810177053612470
0.207868261103529	0.526615770846010	0.0269111372024672	0.935284784075962	0.00346831646044244	0.0256849315068493	0.0319714356560753	0.0203024074377449	NaN	0.697119710854865	NaN	0.00141812632056637	0.383835553780872	0.00141177623026468	0.999505593318263	0.0638496911576924	0.609628323192171	0.0209418629660856	NaN	NaN	0.0211864926187526	0.981951365510018	0.672848429978172
0.709839505355025	0.355124588923437	0.286844451998099	0.836239524759082	0.0726471691038620	0.337328767123288	0.338029554830247	0.171762431150472	0.174882848748858	0.345527939054438	0.304960261137005	0.0557670465256203	0.269061401641414	0.00700533418670602	0.995837264938984	0.289617530774020	0.829085579289677	0.165900119770586	0.753450657560613	0.00112602168976071	0.172967718796669	0.757874645800206	0.144275067361777

0.566945895579955	0.341079527277848	0.0886847286469798	0.867638377372148	0.00946756655418073	0.0565068493150685	0.0769276495199699	0.0471303631284518	0.0463583112738030	0.637862773773996	0.646757610924130	0.00635259180953932	0.386208149293191	0.000753226811194721	0.998987851430109	0.149522989368012	0.694687279980601	0.0395918307705524	0.502105058887286	3.09424879478524e-06	0.0488804813237593	0.968458130479936	0.240711964249366
0.185045367987262	0.411871703223708	0.00744544222839883	0.948115663255572	0.000843644544431946	0.00428082191780822	0.00638028376492715	0.00212927017780401	0.00100374938071969	0.597357762179231	0.264945444021108	0.000432010404869776	0.930615846178459	0.00295645837621109	0.997859464202191	0.0302042668552571	0	0.00346243257256622	0.393248634571264	1.15082524953979e-09	0.00368303906664740	0.983853762557984	0.404913741938549
0.674390140789192	0.413208070288291	0.0817181209443059	0.865809203370816	0.00862392200974878	0.0547945205479452	0.0702313738393516	0.0443489544595677	0.0526030180081547	0.638717762779295	0.803296697861591	0.00631012296034324	0.273100382987088	0.000114941375989634	0.999968363527007	0.0974306045882512	0.618177384823451	0.0390698002360337	0.358931983941325	3.24800554419704e-06	0.0463709664359190	0.959918303788956	0.0879903346778126
0.859209090080704	0.621706240236633	0.530220029069921	0.600686394802076	0.136201724784402	0.650684931506849	0.634563195534057	0.461467782892754	0.523749137226180	0.343630894561336	0.527224393439332	0.122051751227853	0.119836642712055	0.000285821811467473	0.999964012700490	0.870978253091664	0.931189454944115	0.379423152026462	0.297526504455274	0.0322960949162340	0.462511721826081	0.994070866870115	0.0740397477520983
0.733569721570937	0.348234436798560	0.106320392003902	0.844974199770809	0.0109673790776153	0.0573630136986301	0.0805660091614823	0.0535959361421770	0.0598050849861010	0.578627824610150	0.729047476215655	0.00890072316697319	0.328565787980338	0.00130993305969449	0.998645356475420	0.113582046292197	0.769748216483607	0.0514520565533447	0.649602829627371	5.87460333238330e-06	0.0566601978006493	0.930301956193921	0.219299710430662
0.674794477244419	0.421533051845109	0.124739477916182	0.858679341859194	0.0156542932133483	0.107020547945205	0.125588040820177	0.0718906320914974	0.0807993775249911	0.631889981699519	0.701554769991593	0.0113827297695887	0.289232222538038	0.000102364265158256	0.999968757586270	0.176407172456040	0.799904071338366	0.0608208741591530	0.364295075711699	2.00368011851135e-05	0.0741017693913763	0.928191589553504	0.102762925104322
0.591243350646472	0.360529798528530	0.0537385526981117	0.859980198493140	0.00553055868016498	0.0291095890410959	0.0390858564274927	0.0314648831171898	0.0280100578418567	0.561578476827142	0.641145552082725	0.00408738637975950	0.371022393081622	0.0128395237516830	0.996226518792957	0.0205143261779380	0.589909053968388	0.0355995976797156	0.931833032724380	5.42650356326914e-07	0.0341832225288273	0.949944305846325	0.442642688356848

0.837693648939706	0.158265025692081	0.234010642096073	0.767207117788873	0.0561492313460817	0.260273972602740	0.332147782948711	0.200705739484410	0.179516990703302	0.454584828642616	0.425668144311298	0.0470431120927618	0.209825755494496	0.0127516362439354	0.988737100582656	0.359648141475269	0.850639667908766	0.183469769623945	0.443093494084329	0.000796283588665955	0.203485783856289	0.830837117760551	0.230742733705367
0.969095974499084	0.497209901915249	0.836585983457415	0.134372364630673	0.435039370078740	0.924657534246575	0.916131031055794	0.835804753677725	0.818511637939783	0.119131226900282	0.222145646757147	0.442945962702591	0.126856203099986	0.0101034847418548	0	0.857306313731725	0.984036023493741	0.692792093306758	0.308173441414734	0.361043546980852	0.834308971717272	0.143510188854313	0.0860222056391837
0.419371936013629	0.509231428425640	0.0349484172144355	0.888646332776576	0.00403074615673041	0.0265410958904110	0.0307169590907799	0.0226813752772062	0.0181650342611505	0.599596834035316	0.556080804082975	0.00230156569674523	0.408191144347123	0.00242716097266617	0.998922344497516	0.0396608157087925	0.474117842126168	0.0300991779289935	0.589136978433187	2.01433915656439e-07	0.0256977118583808	0.971427612119919	0.544247416617017
0.609572477328813	0.413869718482213	0.125341346350041	0.853283244130031	0.0133108361454818	0.0813356164383562	0.104598861641043	0.0690590089040644	0.0698102249723296	0.618461309628990	0.707925227034776	0.00930386748682673	0.275178111431739	0.0195280718473307	0.992829256832339	0.192071759271799	0.789386537763695	0.0850195438242576	0.761096663545444	1.33956017135875e-05	0.0723722011951462	0.941013899630773	0.248025879630000
0.902824918076451	0.450837708892846	0.334697036438410	0.824403800499213	0.0421822272215973	0.223458904109589	0.296245315449045	0.181137878135330	0.237938101989661	0.549375490088525	0.794451473245505	0.0392473020580841	0.227552044879098	0.000116779763214907	0.999967534956162	0.474703871521962	0.941586978747126	0.140386089617339	0.473742754074342	0.000944055477159141	0.184455304503109	0.877368572927367	0.00235423479224664
0.471630224059877	0.442124351125862	0.0834713756263690	0.873182435562696	0.00881139857517810	0.0522260273972603	0.0721209588751530	0.0432699700342081	0.0426380071487657	0.641922116831322	0.636064530844458	0.00524356599009210	0.399088566510240	0.00163522630859724	0.999986705385380	0.172894218535631	0.767678014367380	0.0421882636462510	0.385149231725971	2.28062732163339e-06	0.0452401023935363	0.966964044685631	0.371665009592632
0.859910285128623	0.404312533950073	0.464732103120766	0.690477223850087	0.0729283839520060	0.375856164383562	0.386887057126055	0.271474552081965	0.277178727047951	0.401394227387365	0.518710604381818	0.0644067584702087	0.285765078652519	0.000397461625872689	0.999720204185305	0.652199503692569	0.903028263385823	0.193756513222086	0.369476531367660	0.00303420750130231	0.272668822641506	0.961315784187468	0.113229249709999
0.878919944074640	0.450424992596919	0.279272711983657	0.815551015066773	0.0359017622797150	0.184931506849315	0.243121117959931	0.160419016510015	0.198064071910396	0.528581696672191	0.773181457584884	0.0323027644970685	0.238723504503584	0.000306718967128912	0.999972265015343	0.451494821331815	0.929593313663062	0.126989953757781	0.382700107099000	0.000461966517667777	0.161998747788291	0.917993112440699	0.0267541167299697
0.789450671214655	0.482753111794053	0.550488460700269	0.419228889594110	0.249156355455568	0.760273972602740	0.729021501853397	0.531151890147752	0.497391405327230	0.191669235156332	0.240344075657166	0.210506655841620	0.146500218688679	0.00816642338257136	0.994414669221822	0.770499233643542	0.891218647231612	0.450860223134336	0.313120052442075	0.0610362550117547	0.531052608580432	0.634882034526536	0.153514680399423

0.819520518578097	0.531803279678482	0.317263771318782	0.779710576399516	0.0436820397450319	0.228595890410959	0.284805769186683	0.168091423260980	0.206754125669311	0.506775066587152	0.657606319626401	0.0371442918002793	0.259389134499680	0.000114292757042277	0.999970388308183	0.482622042234868	0.914840385518541	0.140727476010569	0.369970898214888	0.000717475075763363	0.169731468740681	0.925954340174280	0.0330690004861000
0.576811495596928	0.390672198212991	0.194313337105358	0.861937388225551	0.0353393325834271	0.191780821917808	0.222532706863251	0.0962661241974869	0.102330039829336	0.488781380614240	0.379248587046386	0.0232647904701004	0.340708254858104	0.00356170345081638	0.999649496240235	0.265101824564046	0.752232472354545	0.100452650261142	0.358765547241473	0.000126462541204664	0.0977557886593300	0.909467340472280	0.173693915697975


0.211266462051119	0.580589537884698	0.0102285346644929	0.937161659469590	0.00103112110986127	0.00770547945205479	0.00979901631289151	0.00965865954568781	0.00674619896346351	0.666329051961505	0.595139858498512	0.000494215913864024	0.430608078008932	0.000913534405202843	0.998939999800939	0.0249285443943112	0.0478543114687413	0.0101980927532981	0.131747507680242	8.76544208779448e-09	0.0106960282203044	0.990136347317044	0.363871191043455
0.567114420539306	0.317698180753433	0.107517480056587	0.878246930758472	0.0106861642294713	0.0744863013698630	0.0872739531844941	0.0628673463238267	0.0560906577385786	0.641674477558160	0.699832046312202	0.00694275915884671	0.360328583990800	0.00217202309026831	0.998904386101023	0.149908922737414	0.793301764573187	0.0688016228078410	0.612117854886806	6.27591572990020e-06	0.0637373750405406	0.955455982612803	0.375358032339608
0.828385056686784	0.455032950252321	0.219438557941669	0.832732457690788	0.0314023247094113	0.161815068493151	0.216365235338972	0.143477816950805	0.153464002940583	0.538856202900340	0.676657803236929	0.0264573882159111	0.268326282341313	0.000302065358273910	0.999972592071238	0.388339634564864	0.893030482627820	0.129145017785776	0.547861939329210	0.000236952386506240	0.146306508807276	0.868261330240027	0.175721034104904
0.849800149665556	0.432958538393516	0.241866969762072	0.830984037767467	0.0306524184476940	0.177226027397260	0.231421771323267	0.155826285389446	0.177991440264865	0.593945911544116	0.813570417453296	0.0269602690587518	0.185531572518885	0.00117802266283181	0.999980130837505	0.423428406141030	0.892197226888970	0.154530956811974	0.707167219381104	0.000342846824868176	0.157913549401763	0.872542457099603	0.0828507324904898
0.785381725772471	0.402242260175078	0.162827946210814	0.835882455890129	0.0207161604799400	0.107876712328767	0.146439810004171	0.0938950059988584	0.102893780027989	0.554815132991298	0.680808765602840	0.0171566350981042	0.318362174077521	8.14595337021597e-05	0.999974444320575	0.293706634549653	0.867364471750209	0.0805263303830100	0.400764393057403	4.80074883547716e-05	0.0957919046527192	0.866987757152313	0.131087576392005
0.789072581514397	0.390884025479284	0.201158238806929	0.835753956007989	0.0244656917885264	0.118150684931507	0.174115760596263	0.0914262055957771	0.123936778792316	0.558300685111648	0.698854828723614	0.0204212586539365	0.322490181588306	0.00107079206278747	0.994733196209511	0.347452439767544	0.907268420325084	0.0856347077969832	0.422829628300298	9.55803819592592e-05	0.0939231142771507	0.879699285298938	0.0150972243730157
0.824089928250573	0.382019121419331	0.154310804431432	0.834308188978673	0.0171541057367829	0.0864726027397260	0.126505363293072	0.0834934633690895	0.100599398428702	0.580020631534443	0.805468250103446	0.0150989024268576	0.289003839407445	0.000226115974536612	0.999994174841260	0.222360076223857	0.884222769873009	0.0680438735934598	0.500834600052613	3.31515163773293e-05	0.0864229725034588	0.892127781327086	0.0923075673743345
0.896604835404077	0.455060939681280	0.313409561493570	0.808639748280057	0.0420884889388826	0.210616438356164	0.281369659214062	0.195823680371517	0.230796050271957	0.520846252803533	0.770664132236784	0.0382483220922941	0.227819446552150	8.46623638717690e-05	0.999975879289742	0.534430806763925	0.924837105108147	0.144735194436914	0.344283623092941	0.000857971562364138	0.198207767336090	0.901237149741275	0.0441894951811189


0.995993829607300	0.372591310101604	1	0	0.882358455193101	1	0.993353280264857	0.941091122707149	0.862912362491963	0.0327056348756518	0.0807108858654779	0.946996234483612	0.176887802968334	0.0268025470158972	0.817998189101165	0.813867777813658	0.988447483472068	1	0.480922138888937	1	0.940488056523432	0.0312376757578939	0.199896783421125
0.844860238436722	0.370822386888539	0.171510051194518	0.831558451565064	0.0195913010873641	0.0924657534246575	0.137074378483886	0.0900457366002041	0.108349635684507	0.549120339158316	0.761502814891721	0.0173998590661142	0.319668042247537	8.25160215073562e-05	0.999992893945315	0.271822120196925	0.867668198887996	0.0759172957279772	0.363837136832486	4.67347673818979e-05	0.0928354631559445	0.889763967394392	0.0574955838612242
0.334994206900117	0.460525291165252	0.0188159445775472	0.909604107928914	0.00140607424071991	0.00941780821917808	0.0116241849783365	0.0113815032597164	0.00747578433176922	0.626684088779043	0.548254326594014	0.000829330171720080	0.154128858586639	0.00739312472265845	0.994066745385559	0.0289813591501942	0.401772192769911	0.0192936092765635	0.454485734461290	2.01757925161950e-08	0.0136624355253214	0.980438926551624	1

0.361426931852603	0.426793430906527	0.0263840895923031	0.901767516596681	0.00206224221972253	0.0154109589041096	0.0163659342287655	0.0155512025886502	0.0132361975683010	0.615397737987006	0.687019723945302	0.00115870742972636	0.475877502728098	0.00976713336105565	0.999659127275961	0.0496150604414878	0.516227628547680	0.0209819306750007	0.213564507460620	4.66232078863314e-08	0.0182648090401943	0.966600391427142	0.499613066795084
0.461234453466292	0.360004230008549	0.0529357938211097	0.876442981946612	0.00449943757030371	0.0256849315068493	0.0360158579001348	0.0235091197074400	0.0216618572033666	0.624805303496139	0.598199521665976	0.00270819773674144	0.554864768759792	0.000345016270480240	0.999531187434647	0.0392105668885509	0.455331228505764	0.0203034589103910	0.378943641914381	2.38036180285739e-07	0.0258185319893692	0.983007686942778	0.321029577222691
0.848619578590419	0.352489094161821	0.165144851175298	0.836640787401900	0.0181852268466442	0.101027397260274	0.134561830910394	0.0986486247426994	0.108668571478755	0.581944799323377	0.823636383073171	0.0160062040919870	0.296269815934621	0.00100289004030453	0.999975467848420	0.246320785660795	0.871541891282454	0.0954601020280156	0.637174998688096	4.64718950564564e-05	0.100720030868285	0.895269167199870	0.165056738602241
0.524220400061995	0.491974301795831	0.0348823221756630	0.878438234319042	0.00337457817772778	0.0188356164383562	0.0234994698236221	0.0217642216105002	0.0185351953049163	0.559767388060906	0.652634347478834	0.00224100046250197	0.353455240526094	0.000565988023883457	0.998809351246643	0.0255875270830404	0.490892979608549	0.0344011286797315	0.499037764818307	1.68221260995277e-07	0.0253368674455211	0.965918952934335	0.594207661157125
0.928363458657195	0.415277978219526	0.661718671885412	0.362018262696917	0.170884889388826	0.515410958904110	0.572388635039426	0.392082675836004	0.440927885944851	0.229514995788898	0.331272865478164	0.164009422194323	0.240335192630932	0.00262699059331366	0.998313258026645	0.668031167030221	0.952411222205270	0.334148485960263	0.304560004715782	0.0237228650067558	0.393790101457865	0.601171410291630	0.0557621057486028


0.988249778983034	0.633082080132726	0.969150803178866	0.161816719741626	0.407292838395201	0.970034246575342	1	1	1	0.149694276180281	0.311674703688765	0.426918351456936	0.111627533566554	0.0277173777562946	0.989050160292281	0.911602350877514	1	0.782845695454988	0.316290123684590	0.540165252242074	1	0.321106852602693	0.117458357348503
0.323993387421841	0.438910091063272	0.0175536119721271	0.903132518242395	0.00168728908886389	0.00599315068493151	0.00990559550503429	0.00395356308770030	0.00347200527401335	0.518328645470903	0.296774632660456	0.00101341165950329	1	0.0119441841553678	0.999836298870962	0.0257327692934926	0.276446668070048	0.00674427605612891	0.329964927240005	5.95488381642554e-09	0.00696453614077597	0.972133807259459	0.680222067518816
0.456472007855014	0.323676498578288	0.0395135795020825	0.886160897468104	0.00328083989501312	0.0179794520547945	0.0250890311856818	0.0170759827258765	0.0180684694435777	0.601138198286007	0.651575122523264	0.00216967124034021	0.476925267967019	0.00123955430794461	0.995839262305016	0.0138266354907297	0.517945764970271	0.0169873853624891	0.332678135231161	1.10589655204272e-07	0.0189990726881452	0.987902843720917	0.527551125674779
0.435868718513529	0.372023659812207	0.0266771851053065	0.897020030608467	0.00271841019872516	0.0145547945205479	0.0201835367299331	0.0125330047693351	0.0128225221561004	0.588457605032520	0.553463435811152	0.00176853773089664	0.529979771908558	0.000830866593821618	0.999139699791996	0.0316381740965710	0.259955286626361	0.0144853042250333	0.398606771584448	5.14558793148969e-08	0.0149994192566322	0.977212368449179	0.289479272324541
0.917746795996923	0.393514713013201	0.349117507869123	0.739776389054175	0.0574615673040870	0.298801369863014	0.377456965955097	0.268654677857577	0.299694825845396	0.510204465031515	0.733677281830028	0.0542267089846080	0.171124174148277	0.0105252564867072	0.999303618052903	0.476883469701632	0.939191054513357	0.230119345707381	0.426469575306364	0.00265383843591512	0.270952457583275	0.830659222035462	0.109757913569700
0.474170471067376	0.430273777099179	0.0381992752367720	0.876898440173996	0.00356205474315711	0.0214041095890411	0.0259738620731776	0.0263366951117513	0.0188041394523811	0.579325378953866	0.634082536301365	0.00233823481690263	0.247122956822219	0.000731508812988812	0.999061727616338	0.0277576496190553	0.530711437286377	0.0378088317771709	0.555109358229345	2.02140846495786e-07	0.0294654080051527	0.968399535021101	0.624394486735501
0.673676548004377	0.456781657358421	0.117998888379868	0.850093499435519	0.0140607424071991	0.0864726027397260	0.109602452270158	0.0804692212988527	0.0784311926982279	0.613568735497838	0.757034940410604	0.0105542038956434	0.235492538265292	0.00494254662963012	0.998461896516091	0.223215615151163	0.773378854716505	0.0868529882998629	0.679415634821068	1.76775196444508e-05	0.0832166996376769	0.922307497206887	0.230013713500801
0.240979911474180	0.224787703456107	0.0355108477649076	0.921233154730493	0.00271841019872516	0.0188356164383562	0.0240759941821040	0.00873628957323897	0.0116202615576829	0.669179960549197	0.508841742382988	0.00118296617760189	0.678465081457802	0.00181333798442693	0.999793729497464	0.0721161539967858	0.565261492139012	0.0110579107051032	0.264737007361929	4.82761367865659e-08	0.00963239194769373	0.986022128863684	0.163619409068053
0.493367842363374	0.282011122731915	0.0563022047274255	0.871230164718719	0.00449943757030371	0.0342465753424658	0.0388164311336711	0.0332146960401417	0.0256248560611958	0.665641889357881	0.701619375774221	0.00271279364155338	0.380525177030619	0.00240843767941655	0.995159685949766	0.0816484119732067	0.532857831140007	0.0442892895881254	0.578585462977588	4.63367812882492e-07	0.0360214115242184	0.963302870675026	0.392626997034091
0.899237330514118	0.418692573003260	0.346707554487421	0.780711587508633	0.0463067116610424	0.226883561643836	0.292115616387632	0.209384760031815	0.214761937547273	0.488663853511488	0.643726822594556	0.0420088043562274	0.306876733053490	0.000502897488340074	0.999166307094428	0.464663087537070	0.907312497292142	0.165045023338372	0.347171218185595	0.000808191269328123	0.210797279193739	0.916560463880407	0.143567377177196

0.277521870036789	0.451146621631668	0.0434791046771159	0.912574241200827	0.00928008998875141	0.0582191780821918	0.0746947188941709	0.0324966017056013	0.0234469254412456	0.631996645637349	0.326526142629506	0.00432083591535525	0.305558013915034	0.000590142819801227	0.999175293886395	0.419453259641400	0.524817092477458	0.0383906819460032	0.472111091651393	1.11454123706859e-06	0.0339487815125680	0.956028114822462	0.493694477600158
0.575109726892222	0.475404178416363	0.0755673576281597	0.863743735255928	0.0105924259467567	0.0547945205479452	0.0721248881981066	0.0382941693435427	0.0403674965793255	0.537574121420905	0.502253593353704	0.00677306332828632	0.395899781878670	0.000284403485108892	0.999981408375141	0.177492904680548	0.683870517560432	0.0362585962841816	0.471079144316081	2.49242952799693e-06	0.0403985235936867	0.969020153731842	0.338435318525989
0.904036508749547	0.405628658147757	0.247548588608579	0.827319197811668	0.0294338207724035	0.142979452054795	0.206924476990085	0.148393867052771	0.171462487645686	0.550696273897890	0.815446457390341	0.0273977553983230	0.256430628692218	4.32460776961365e-06	0.999973988816476	0.366119138707411	0.957210990689408	0.109224956597596	0.381125162653139	0.000241363273331022	0.151153166753196	0.873847080586583	0.0849068508568043
0.148311060786749	0.710379526950767	0.00623535749123784	0.956124867924239	0.000656167979002625	0.00856164383561644	0.00985230590896290	0.0105963225829233	0.00895339579047151	0.795981327339977	0.871590673858937	0.000264759463556654	0.135478608270709	0.00187176217702553	0.999664116499707	0.0556717434266534	0.101464574411274	0.0107875135149041	0.122250967767480	1.11297305558640e-08	0.0108770199275981	0.993333012022190	0.439907247295386
0.733067734128889	0.177434706809068	0.0992288627366473	0.856695792266135	0.00909261342332209	0.0582191780821918	0.0640852213213329	0.0528578349552947	0.0472771815418447	0.556744534932043	0.685811761502141	0.00682679007759092	0.427685953381915	0.00137519079675346	0.994234626670824	0.107257723674600	0.714719027478947	0.0552424914659670	0.522010308403092	2.92613667572218e-06	0.0561635896304101	0.966606372805493	0.393992870760334

0.381334678241193	0.455690370102258	0.0514948792743622	0.906104819878608	0.00599925009373828	0.0410958904109589	0.0538004331579101	0.0264697683989077	0.0306320228925639	0.693957239117511	0.651259492579715	0.00324127940103906	0.317961112168960	0.0234502082208748	0.999977581073462	0.147657856991899	0.668222978087107	0.0281530525276379	0.359826893834782	7.17548362570178e-07	0.0279980475253324	0.986992867068925	0.221917270967570
0.0637225573360378	0.762076619853632	0.00378600446263987	0.965085963894428	0.000187476565429321	0.00599315068493151	0.00916515059120028	0.00821717293640331	0.00686673362559486	1	0.940321545263711	4.61078563227976e-05	0	0.000754466931600274	0.999890623360666	0.0249028351545724	0.291406264889569	0.00922988481963163	0.0790200090239370	5.46204024685444e-09	0.00930426819899603	0.996040295103865	0.818758446647201
0.0717341053237739	0.604251051663240	0	0.984213037257259	0	0	0	0.00113438780537204	0.00116402298552042	0.598775425719272	0.471688650874498	1.01504093742953e-05	0.519351008254806	0.00110656409760570	0.999689847365079	0.0170865664776721	0.103067589311663	0.00228309123192449	0.0845053193894800	1.20902959699170e-10	0.00173462060420572	0.992103688550709	0.993810570730735
0.491789408904378	0.389514256802044	0.0331925793421497	0.869327866941166	0.00337457817772778	0.0196917808219178	0.0249071195311681	0.0179706580142095	0.0175092875317702	0.585029736258705	0.619683626290610	0.00233662368668906	0.359892103191764	0.000252940500637796	0.997426682280991	0.0696504150041593	0.540516479733539	0.0224489163308450	0.885701048522531	1.20511538611537e-07	0.0216859456618478	0.969876831412671	0.547886814297711

0.842903343538639	0.407465253013823	0.356301871961175	0.751681188377664	0.0740532433445819	0.413527397260274	0.412888520621625	0.301447798073230	0.264077025624090	0.424529960709823	0.482754247199256	0.0643542184853895	0.186963672091139	0.0300271927460615	0.986519662861862	0.704951081307818	0.894934234362514	0.293459625313516	0.553801035149469	0.00347404750925524	0.302541294088519	0.814077141149922	0.248762298427510
0.960593287373083	0.333967818700116	0.480960201381429	0.610983285287074	0.106205474315711	0.519691780821918	0.535526738595913	0.419347833130933	0.407763016450050	0.377482808827005	0.525752957838147	0.105162032250407	0.185533650568949	0.0770710284459337	0.995966231482715	0.554288187645022	0.944357226420578	0.324953872177894	0.309274096855874	0.0124779879039992	0.419771457113778	0.746294852608609	0.146274343940159
0.400988089191254	0.585610266810517	0.0466686599374048	0.891660672469543	0.00712410948631421	0.0385273972602740	0.0522851495420212	0.0360933045036577	0.0271225302592969	0.579365490257927	0.493098425686876	0.00371752531634846	0.320668889663772	0.0313332872509156	0.999987652457879	0.162397847950009	0.564324186473403	0.0280845162204564	0.610391501773763	7.41247191465749e-07	0.0385136055027101	0.976956582327762	0.567504573358702


0.864887149555728	0.598460704709714	0.406777542268871	0.706105964338831	0.0855830521184852	0.442636986301370	0.501705078133778	0.329900229691806	0.416585939075875	0.448705444541528	0.683373619349207	0.0768615630132159	0.102972218902654	0	0.999966082063755	0.723375778568695	0.966289022078592	0.264526777956094	0.320285307294617	0.00977835705361371	0.330627642425508	0.927156623670861	0.0171744430847296


0.886804479463408	0	0.462058710156537	0.519511196644783	0.175946756655418	0.575342465753425	0.517514714394821	0.299048774897015	0.226194066151204	0.194012110193340	0.130288023144544	0.159007885650839	0.311802109531164	0.140912592523679	0.994271798302565	0.448923527266370	0.898374278502099	0.345076271343913	0.425315137003500	0.00705464567683954	0.298936605496850	0.441499139375909	0.192356689010405
0.927476274957347	0.464314044304827	0.252862448845635	0.832684532261798	0.0366516685414323	0.226027397260274	0.262025988777050	0.201319492765666	0.205550597654344	0.560227336349720	0.787273484119895	0.0335136149099835	0.185697173668654	0.00130918614483516	0.998938093863815	0.456754583857889	0.846406530286698	0.171301275062373	0.602331205477563	0.000590827387992853	0.203136271130277	0.841301096840735	0.115249476836472
0.943678970645248	0.377129094134635	0.706849394720639	0.313497698898740	0.295088113985752	0.812500000000000	0.796733738312936	0.626717863092695	0.671401159119845	0.171621897691275	0.283693518906620	0.287873607614523	0.116001117758450	0.0693304344042264	0.975216569141612	0.850793104363473	0.965762677392088	0.683009198528332	0.299644780393090	0.147458467505623	0.628558245763486	0.102754332879664	0.0693735643266390
0.485600780030150	0.497729196012860	0.0371496152901648	0.875822219213912	0.00524934383202100	0.0291095890410959	0.0359284382550727	0.0303587571031174	0.0187106347549690	0.546833988609138	0.455179045663091	0.00324931757065758	0.429280687660032	0.00275504853644320	0.998377379547628	0.0432660128945508	0.535789027564449	0.0313596179061906	0.652026086785861	2.84848210166861e-07	0.0328080650984317	0.959970647142043	0.744553092640183
0.468422832332045	0.485318699040593	0.0485830211782391	0.866928551479210	0.00496812898387702	0.0308219178082192	0.0391082941521543	0.0340920419614328	0.0251008234402667	0.616518233378794	0.632813637122594	0.00302748095398746	0.318077004807659	0.00100424914802743	0.994855527500566	0.132339408370856	0.631283891702398	0.0472382196032618	0.699854545369163	5.40758197453523e-07	0.0373944079226269	0.957505358523084	0.686689293488221
0.840521040088754	0.472968752877425	0.326620651755687	0.789181627220543	0.0523059617547807	0.279965753424658	0.310739915704680	0.229988992146900	0.225264734716490	0.457017046654221	0.594389130953998	0.0443324838826522	0.210133317569422	0.0310274466643451	0.983656178373302	0.535788385237212	0.889492877914743	0.236956244241577	0.766144345695335	0.00131756541533178	0.231111470814488	0.861261902616503	0.159137623288123
0.868166909447531	0.346264911668445	0.214117867485893	0.838575702367450	0.0233408323959505	0.126712328767123	0.166711634302882	0.103263953843142	0.118845882186263	0.560530197010999	0.701714731616301	0.0207293757755454	0.335115243052942	0.00126848436847784	0.999971210765447	0.252426947311818	0.811911571096315	0.0923535370279169	0.556356640587044	8.21858352024208e-05	0.106063119387013	0.867582997560002	0.100856447948497
0.771181688168624	0.501104532923750	0.177700470442302	0.834601423789984	0.0272778402699663	0.130993150684932	0.173960039265166	0.101227949090281	0.111411870242188	0.496748542748773	0.555304346116029	0.0219270654885233	0.294604923147338	0.000744045682190011	0.999979812794331	0.332882143087289	0.856459587732258	0.0855468980380102	0.431409864931197	8.36307097991492e-05	0.104287491079635	0.881034672299278	0.126898314572494
0.773702331938984	0.332039034309919	0.125711136927737	0.850449916853764	0.0112485939257593	0.0590753424657534	0.0864372349666221	0.0527798437885209	0.0699630344010140	0.604679482716929	0.836104573229557	0.00939744015686648	0.375241636097659	0.000745159860182981	0.998551522168348	0.114747998185903	0.798352255799870	0.0472513460413082	0.308625538801638	8.14028105236475e-06	0.0554763577004004	0.948380963685112	0.0736266256477467
0.306719334118062	0.309757605240177	0.0161672106978809	0.917669400827130	0.00131233595800525	0.00856164383561644	0.0105381945809785	0.00746340377104909	0.00698278751629354	0.616016043609450	0.541511747285813	0.000878830424044163	0.460491657105647	0.00265488643307982	0.999305449921594	0.0221036812088629	0.409231602709501	0.0111664445555348	0.575599368911458	1.14057141938739e-08	0.00992990007029997	0.978632681514943	0.897788732172042
0.420144440130939	0.465248708109921	0.0382871607755914	0.882593779847197	0.00468691413573303	0.0256849315068493	0.0346892345137569	0.0266914007480154	0.0186839177686016	0.585091435345212	0.502506088666872	0.00277788389648690	0.374875331055429	0.000872836772068222	0.997916191057667	0.0347175333277465	0.381483295016250	0.0280642357095612	0.713002034968926	2.37297514411147e-07	0.0291784471662451	0.968167175694659	0.494785325796469
0.556837105740952	0.339777692151346	0.0414631666568072	0.871728164859995	0.00374953130858643	0.0205479452054795	0.0278557752343436	0.0244431332531287	0.0235521161104207	0.587612953818780	0.750440374819304	0.00279934607996614	0.344161190577931	0.000957800529938014	0.999182154798327	0.0484858941400777	0.515579543457557	0.0268684465088067	0.469913040235393	2.17051364900572e-07	0.0268846778538750	0.969366840325931	0.454320563057296
0.495442981514174	0.374033000846396	0.0432626654124150	0.891376235699378	0.00440569928758905	0.0359589041095890	0.0407669328298763	0.0353097051359324	0.0292732296791054	0.706159688444746	0.810633164438192	0.00281014818918915	0.336962736934024	0.000168096539383735	0.999878630965424	0.0661571757924330	0.431584160245641	0.0258835863901983	0.288292487372139	4.40362631252678e-07	0.0366927191092224	0.974126160015629	0.288585480983263
0.581835655126950	0.310547879213879	0.0831031982176555	0.858487499364593	0.00778027746531684	0.0496575342465753	0.0625685059266218	0.0375155789511129	0.0393266524449918	0.630616689800094	0.658969614261926	0.00534751089870004	0.443719185569101	0.00297819811234497	0.993569887036643	0.0867500091507091	0.667807809137981	0.0419780118351750	0.473916630052957	1.65290154135504e-06	0.0404417032933814	0.970635062656477	0.283162401586298


0.735143731268844	0.354653999171867	0.125816811538932	0.841982766015409	0.0142482189726284	0.0719178082191781	0.103243741977810	0.0606755972268585	0.0711732909110179	0.570148084840499	0.675001070724784	0.0114264938392168	0.362629041628901	0.000131385276769873	0.999988342332510	0.179775663401997	0.791767195999643	0.0530488908830634	0.377513779912204	1.22120931406379e-05	0.0634649750722012	0.902302259805812	0.0927997841581045
0.430885819714625	0.396548730793202	0.0314741522984874	0.895949037204563	0.00271841019872516	0.0145547945205479	0.0208971539294978	0.0148516448454985	0.0167090505468631	0.603256703543911	0.697711262431053	0.00176495737990556	0.417477779086074	0.000331522565689920	0.996815052616685	0.0131540414380705	0.290773214390791	0.0159219946344404	0.355351356777010	7.55724111851238e-08	0.0176521002659163	0.985591555995573	0.241011871135350
0.752877886241394	0.423316729831592	0.226113153152235	0.838247086765561	0.0299025121859768	0.149828767123288	0.197058656907745	0.121174011724414	0.120463567300634	0.513997399554681	0.547929344771922	0.0236879915026748	0.363209890888723	0.00258560245270839	0.999967731568091	0.314267473120630	0.873105628464050	0.102420739945090	0.458102095249710	0.000124697018152387	0.124113489947942	0.901505103536247	0.218039904270266


0.510954588853563	0.372900043740529	0.0601773765369120	0.880082819034155	0.00674915635545557	0.0496575342465753	0.0589368139667617	0.0388479298158545	0.0354159207823724	0.679273003451687	0.676225289777089	0.00407628517308284	0.331278882707057	0.0695331555631989	0.995495176590385	0.259795899701727	0.570040464598348	0.0421437252241697	0.615548789948575	1.27539071920862e-06	0.0414942865087631	0.970967060167038	0.261302317819157



0.604738300574741	0.361074010432782	0.131545416918984	0.868743167166214	0.0164041994750656	0.0984589041095891	0.115698766105755	0.0697213343696677	0.0729471608788907	0.554309530477753	0.600456361813790	0.0113603094163578	0.357242455036763	0.0323580254728424	0.999963535704383	0.104474985477224	0.781235244415332	0.0603129334462616	0.420191982685358	1.74770718420680e-05	0.0702874359825030	0.939831153750366	0.189652438269843
0.890932255452377	0.401077416751241	0.303766781945904	0.812719877298260	0.0434008248968879	0.238013698630137	0.305090878703399	0.193560291573907	0.242501661849696	0.549887682744981	0.786824998496843	0.0400151595634186	0.191070854962887	0.000228625141974707	0.999974795459795	0.397528771331990	0.926667977882662	0.165622199610652	0.487491744452177	0.00104204368513014	0.196797230388932	0.865544643239354	0.0330403049643300
0.967133402231312	0.222120744718161	0.599302369907683	0.557055365933844	0.177352830896138	0.655821917808219	0.733004267591027	0.512417520693127	0.603547991295268	0.297359682908150	0.459007621218035	0.177541991720327	0.121142848465381	0.0224769897395475	0.962902835829034	0.731059776653582	0.968276680458919	0.571567645830715	0.293121031036509	0.0617044129692668	0.513425113069979	0.0267237629037475	0.00772574245633862



0.816069116009522	0.410347723422834	0.362223995100512	0.724671903546774	0.0765841769778778	0.351883561643836	0.394361022195323	0.220324814527571	0.253586951307139	0.387849975923839	0.443712664483205	0.0638795190999813	0.235185005323457	0.00144584154368895	0.996736795392797	0.555648093927166	0.865041259943662	0.191829146057800	0.337051430949266	0.00276253995715426	0.220598523410492	0.892156618567520	0.0714015268798629
0.802938503790847	0.388047475085440	0.404266795295045	0.683612613138688	0.114923134608174	0.517979452054795	0.503899036421065	0.284603678035209	0.294454646675574	0.320455343909153	0.328559319589955	0.0964925327200822	0.220770861822443	0.00979826883816403	0.995095473777350	0.806355561817012	0.874348816617288	0.301185963888230	0.419381238841259	0.00755364308233654	0.286397842197321	0.575464048912796	0.126872414576969
0.981099133019541	0.141204723990012	0.844924958785734	0.0752581992899109	0.848331458567679	0.914383561643836	0.858342825273074	0.723039163375826	0.610110047112959	0.0227899439587758	0.0402875932537747	0.894110327956022	0.235471740080940	0.329269344885403	0.923019551832300	0.632942352116191	0.973894453503390	0.744572217710332	0.567740773606118	0.392115196668241	0.722160966942903	0	0.177331630605880
0.733615353565423	0.306283266792548	0.177305275347512	0.848027493161471	0.0246531683539558	0.136130136986301	0.156164220882563	0.0833302207420307	0.0922238907824600	0.493774683921782	0.503481188997194	0.0187608481843457	0.356589722477602	1	0.999678335662099	0.499941314060201	0.780434512661957	0.0810362830530151	0.478319553548195	5.36248437273115e-05	0.0869291330467379	0.913782245387739	0.144470579646335
0.950022301771878	0.592701654170469	0.751262246050547	0.285963260722984	0.383764529433821	0.882705479452055	0.896953297128974	0.755400484369341	0.755379249310457	0.139514183218376	0.235752441978617	0.385094931763787	0.120595558826712	0.0215623965871611	0.974709024199517	0.848004809435398	0.964797273841767	0.573183517453668	0.344867954294430	0.261890312090085	0.754413065182664	0.626492514330764	0.100346423718151

0.927858990335472	0.308441032587837	0.630668090941289	0.405146174215975	0.213348331458568	0.642979452054795	0.640118723738954	0.492803814547771	0.488099133599577	0.198539364789749	0.285772763371133	0.206821182834902	0.176659749050887	0.00359775810445451	0.993211657192448	0.770304362311895	0.943901973901195	0.486340634447845	0.390848886435041	0.0480976047257754	0.493518851922834	0.565727628510337	0.147319523986293


0.867841690874704	0.263403556319687	0.613333051088528	0.386033067986187	0.263498312710911	0.726883561643836	0.706126253881259	0.497679767892323	0.475721528810832	0.170126022351213	0.210591038344698	0.238962061049156	0.187724556477722	0.00642851212581985	0.989056089759204	0.728141446499965	0.908963970518258	0.552271434558923	0.323393577186425	0.0590517039847223	0.499008496436766	0.278095943445846	0.131719336116400
0.708238831084795	0.354700201848340	0.205706949854905	0.838469443816036	0.0333708286464192	0.196061643835616	0.227311146310717	0.144368953976540	0.131747408658950	0.532128810476801	0.536845651379516	0.0251226951745812	0.244129004861539	0.0117201696870439	0.997450691109420	0.414274543597115	0.803085795035766	0.143116982648834	0.616588540217421	0.000217212803721419	0.147247417901887	0.920965490107017	0.279979254882983
0.807700970108608	0.423939056136800	0.311568030684762	0.806785966547630	0.0491188601424822	0.279965753424658	0.330230244008376	0.203369760869930	0.241928856233402	0.523677044341464	0.687941321761559	0.0416203162436402	0.156718351706286	0.000263149213309880	0.999967963730311	0.495892141819261	0.904512782162525	0.157423325704687	0.374688352857002	0.00130967617380568	0.204359951585334	0.880696470404770	0.0355031206983118
0.659847045713692	0.463236849242938	0.0557221266432571	0.858379413718446	0.00703037120359955	0.0359589041095890	0.0434734071520888	0.0259615556329638	0.0200965488692364	0.496099994242652	0.370366450261019	0.00503716817317125	0.769406294592272	0.00241169176906308	0.992336874436377	0.0510572255462465	0.609894634287071	0.0395216634379930	0.645350494499327	5.31335709338263e-07	0.0292375251113617	0.936898711511692	0.423602343897490
0.944481883659044	0.200531620913298	0.721070937059366	0.246715318687611	1	0.776541095890411	0.752654419527140	0.548230222089092	0.462000752841255	0	0	1	0.290450607790339	0.163220214067370	0.506468466493715	0.738044079178698	0.942600373110105	0.557624089624817	0.539276514950862	0.249010575488879	0.548625915722289	0.206517406699956	0.202356183595447





0.855786796985409	0.116544884961171	0.391829886127089	0.683971823020320	0.0742407199100112	0.337328767123288	0.350971130616147	0.221201486563784	0.202605062924824	0.351801154750831	0.354314056053328	0.0653233183913462	0.329242076697579	0.00286738605173616	0.994532986420740	0.388504728913995	0.870025488380577	0.199131839431079	0.743051322526695	0.00166610304581561	0.220747443196352	0.749343993921961	0.167230585505016



